8.043066e-04	-1.716387e-06	7.362645e-06	6.086086e-06	-1.843364e-05	8.280570e-06	
-1.716387e-06	8.086383e-04	1.572762e-06	3.788922e-06	-1.721833e-05	-2.041883e-06	
7.362645e-06	1.572762e-06	8.094710e-04	1.649131e-05	-1.825944e-06	1.390846e-05	
6.086086e-06	3.788922e-06	1.649131e-05	8.043563e-04	-6.501527e-06	2.771113e-06	
-1.843364e-05	-1.721833e-05	-1.825944e-06	-6.501527e-06	8.662986e-04	1.111324e-06	
8.280570e-06	-2.041883e-06	1.390846e-05	2.771113e-06	1.111324e-06	8.167653e-04
