===== BAYENV2.0 =====

input file is set
number of populations is set
number of iterations is set
seed is set
TEST = 0 . So running matrix estimation
MCMC VER 0.71 (THREADED)
ITERATIONS = 100000
INPUT FILE = Y2017_filtered_snpsfile_8621.txt
SEED = -77234

num_alleles = 17242.000000
number of loci = 8621
VAR-COVAR MATRIX: ITER = 500
2.008484e-03	1.205659e-03	3.987016e-04	5.972993e-04	-4.786938e-03	6.656893e-04	
1.205659e-03	2.524206e-03	3.880167e-04	6.476366e-04	-5.491543e-03	6.833410e-04	
3.987016e-04	3.880167e-04	1.119186e-03	2.408383e-04	-1.853180e-03	2.750579e-04	
5.972993e-04	6.476366e-04	2.408383e-04	1.323399e-03	-2.727417e-03	3.563413e-04	
-4.786938e-03	-5.491543e-03	-1.853180e-03	-2.727417e-03	2.180882e-02	-3.044450e-03	
6.656893e-04	6.833410e-04	2.750579e-04	3.563413e-04	-3.044450e-03	1.573859e-03	

VAR-COVAR MATRIX: ITER = 1000
2.067906e-03	1.349307e-03	4.948292e-04	7.575241e-04	-4.894880e-03	7.999451e-04	
1.349307e-03	2.386903e-03	5.391217e-04	8.182864e-04	-5.459201e-03	8.855513e-04	
4.948292e-04	5.391217e-04	1.037967e-03	3.204847e-04	-2.001456e-03	3.372505e-04	
7.575241e-04	8.182864e-04	3.204847e-04	1.297214e-03	-3.005275e-03	4.976520e-04	
-4.894880e-03	-5.459201e-03	-2.001456e-03	-3.005275e-03	2.046349e-02	-3.270202e-03	
7.999451e-04	8.855513e-04	3.372505e-04	4.976520e-04	-3.270202e-03	1.420376e-03	

VAR-COVAR MATRIX: ITER = 1500
2.044618e-03	1.333780e-03	5.598742e-04	7.867071e-04	-4.907774e-03	8.671589e-04	
1.333780e-03	2.336472e-03	6.072287e-04	8.519872e-04	-5.443829e-03	9.573145e-04	
5.598742e-04	6.072287e-04	1.051676e-03	3.411726e-04	-2.194546e-03	4.043939e-04	
7.867071e-04	8.519872e-04	3.411726e-04	1.349290e-03	-3.154474e-03	5.744548e-04	
-4.907774e-03	-5.443829e-03	-2.194546e-03	-3.154474e-03	2.067904e-02	-3.523759e-03	
8.671589e-04	9.573145e-04	4.043939e-04	5.744548e-04	-3.523759e-03	1.486861e-03	

VAR-COVAR MATRIX: ITER = 2000
2.131624e-03	1.458630e-03	5.681482e-04	7.601066e-04	-5.059861e-03	9.021558e-04	
1.458630e-03	2.442819e-03	6.395479e-04	8.104691e-04	-5.608327e-03	9.811561e-04	
5.681482e-04	6.395479e-04	1.078460e-03	3.383926e-04	-2.285893e-03	4.117117e-04	
7.601066e-04	8.104691e-04	3.383926e-04	1.255030e-03	-2.939142e-03	5.344165e-04	
-5.059861e-03	-5.608327e-03	-2.285893e-03	-2.939142e-03	2.052621e-02	-3.544984e-03	
9.021558e-04	9.811561e-04	4.117117e-04	5.344165e-04	-3.544984e-03	1.481297e-03	

VAR-COVAR MATRIX: ITER = 2500
2.159720e-03	1.497727e-03	5.831201e-04	7.993041e-04	-5.170001e-03	1.021254e-03	
1.497727e-03	2.515259e-03	6.370654e-04	8.647553e-04	-5.700042e-03	1.105690e-03	
5.831201e-04	6.370654e-04	1.079795e-03	3.597773e-04	-2.219683e-03	4.230731e-04	
7.993041e-04	8.647553e-04	3.597773e-04	1.285362e-03	-3.047898e-03	5.942771e-04	
-5.170001e-03	-5.700042e-03	-2.219683e-03	-3.047898e-03	2.050916e-02	-3.865735e-03	
1.021254e-03	1.105690e-03	4.230731e-04	5.942771e-04	-3.865735e-03	1.610554e-03	

VAR-COVAR MATRIX: ITER = 3000
2.047745e-03	1.362576e-03	5.493470e-04	6.948590e-04	-4.933621e-03	9.551697e-04	
1.362576e-03	2.394485e-03	5.913434e-04	7.955628e-04	-5.513235e-03	1.058997e-03	
5.493470e-04	5.913434e-04	1.068854e-03	3.235515e-04	-2.166817e-03	4.420832e-04	
6.948590e-04	7.955628e-04	3.235515e-04	1.252279e-03	-2.870389e-03	5.651298e-04	
-4.933621e-03	-5.513235e-03	-2.166817e-03	-2.870389e-03	2.062081e-02	-3.851643e-03	
9.551697e-04	1.058997e-03	4.420832e-04	5.651298e-04	-3.851643e-03	1.613374e-03	

VAR-COVAR MATRIX: ITER = 3500
2.173300e-03	1.474478e-03	6.111910e-04	8.337326e-04	-5.132237e-03	1.064219e-03	
1.474478e-03	2.460190e-03	6.269786e-04	8.914228e-04	-5.580562e-03	1.175656e-03	
6.111910e-04	6.269786e-04	1.071708e-03	3.768445e-04	-2.231125e-03	4.792066e-04	
8.337326e-04	8.914228e-04	3.768445e-04	1.334502e-03	-3.132032e-03	6.581183e-04	
-5.132237e-03	-5.580562e-03	-2.231125e-03	-3.132032e-03	2.006486e-02	-4.031076e-03	
1.064219e-03	1.175656e-03	4.792066e-04	6.581183e-04	-4.031076e-03	1.710288e-03	

VAR-COVAR MATRIX: ITER = 4000
2.119699e-03	1.402990e-03	5.483266e-04	7.782525e-04	-5.089655e-03	1.037058e-03	
1.402990e-03	2.373178e-03	5.789345e-04	8.034542e-04	-5.479733e-03	1.093446e-03	
5.483266e-04	5.789345e-04	1.051786e-03	3.260826e-04	-2.109099e-03	4.372251e-04	
7.782525e-04	8.034542e-04	3.260826e-04	1.274264e-03	-2.961636e-03	6.148798e-04	
-5.089655e-03	-5.479733e-03	-2.109099e-03	-2.961636e-03	2.047758e-02	-3.982545e-03	
1.037058e-03	1.093446e-03	4.372251e-04	6.148798e-04	-3.982545e-03	1.663021e-03	

VAR-COVAR MATRIX: ITER = 4500
2.131602e-03	1.393010e-03	5.704792e-04	7.992605e-04	-5.065496e-03	1.071843e-03	
1.393010e-03	2.349802e-03	6.103662e-04	8.331935e-04	-5.369855e-03	1.134281e-03	
5.704792e-04	6.103662e-04	1.066591e-03	3.577317e-04	-2.207712e-03	4.833163e-04	
7.992605e-04	8.331935e-04	3.577317e-04	1.288006e-03	-3.020414e-03	6.322055e-04	
-5.065496e-03	-5.369855e-03	-2.207712e-03	-3.020414e-03	2.019110e-02	-4.096833e-03	
1.071843e-03	1.134281e-03	4.833163e-04	6.322055e-04	-4.096833e-03	1.694114e-03	

VAR-COVAR MATRIX: ITER = 5000
2.069066e-03	1.402632e-03	5.589874e-04	7.913204e-04	-4.921291e-03	1.060525e-03	
1.402632e-03	2.430239e-03	6.328813e-04	8.607533e-04	-5.543360e-03	1.162231e-03	
5.589874e-04	6.328813e-04	1.097117e-03	3.656140e-04	-2.219325e-03	4.936093e-04	
7.913204e-04	8.607533e-04	3.656140e-04	1.285741e-03	-3.076106e-03	6.683210e-04	
-4.921291e-03	-5.543360e-03	-2.219325e-03	-3.076106e-03	2.012169e-02	-4.131042e-03	
1.060525e-03	1.162231e-03	4.936093e-04	6.683210e-04	-4.131042e-03	1.704294e-03	

VAR-COVAR MATRIX: ITER = 5500
2.013992e-03	1.367577e-03	5.107191e-04	7.242160e-04	-4.871323e-03	9.877776e-04	
1.367577e-03	2.405544e-03	5.708670e-04	8.083714e-04	-5.545458e-03	1.127458e-03	
5.107191e-04	5.708670e-04	1.023198e-03	2.994923e-04	-2.051184e-03	4.077296e-04	
7.242160e-04	8.083714e-04	2.994923e-04	1.249190e-03	-2.925046e-03	6.072303e-04	
-4.871323e-03	-5.545458e-03	-2.051184e-03	-2.925046e-03	2.058589e-02	-4.055779e-03	
9.877776e-04	1.127458e-03	4.077296e-04	6.072303e-04	-4.055779e-03	1.680770e-03	

VAR-COVAR MATRIX: ITER = 6000
2.014234e-03	1.348092e-03	5.266504e-04	7.268294e-04	-4.830578e-03	9.870388e-04	
1.348092e-03	2.372714e-03	5.651606e-04	8.100101e-04	-5.448804e-03	1.105768e-03	
5.266504e-04	5.651606e-04	1.038544e-03	3.162996e-04	-2.033184e-03	4.199060e-04	
7.268294e-04	8.100101e-04	3.162996e-04	1.291921e-03	-2.925384e-03	5.873149e-04	
-4.830578e-03	-5.448804e-03	-2.033184e-03	-2.925384e-03	2.017689e-02	-3.951296e-03	
9.870388e-04	1.105768e-03	4.199060e-04	5.873149e-04	-3.951296e-03	1.648960e-03	

VAR-COVAR MATRIX: ITER = 6500
2.074074e-03	1.417164e-03	5.418684e-04	8.166339e-04	-4.922725e-03	9.704605e-04	
1.417164e-03	2.549485e-03	6.386959e-04	9.315039e-04	-5.776437e-03	1.114126e-03	
5.418684e-04	6.386959e-04	1.071898e-03	3.660357e-04	-2.205589e-03	4.338198e-04	
8.166339e-04	9.315039e-04	3.660357e-04	1.338612e-03	-3.206724e-03	6.577143e-04	
-4.922725e-03	-5.776437e-03	-2.205589e-03	-3.206724e-03	2.048931e-02	-3.851152e-03	
9.704605e-04	1.114126e-03	4.338198e-04	6.577143e-04	-3.851152e-03	1.614976e-03	

VAR-COVAR MATRIX: ITER = 7000
2.031512e-03	1.396378e-03	5.037236e-04	7.253644e-04	-4.858380e-03	9.352030e-04	
1.396378e-03	2.500038e-03	5.649369e-04	8.127936e-04	-5.601026e-03	1.055323e-03	
5.037236e-04	5.649369e-04	1.040771e-03	3.027583e-04	-2.000211e-03	3.779005e-04	
7.253644e-04	8.127936e-04	3.027583e-04	1.238544e-03	-2.875297e-03	5.530581e-04	
-4.858380e-03	-5.601026e-03	-2.000211e-03	-2.875297e-03	2.015668e-02	-3.700343e-03	
9.352030e-04	1.055323e-03	3.779005e-04	5.530581e-04	-3.700343e-03	1.559262e-03	

VAR-COVAR MATRIX: ITER = 7500
2.058915e-03	1.421656e-03	5.349341e-04	7.294984e-04	-4.989451e-03	9.542237e-04	
1.421656e-03	2.454605e-03	6.088531e-04	7.970391e-04	-5.682683e-03	1.068867e-03	
5.349341e-04	6.088531e-04	1.066447e-03	3.102702e-04	-2.212923e-03	4.306750e-04	
7.294984e-04	7.970391e-04	3.102702e-04	1.247121e-03	-2.927451e-03	5.659241e-04	
-4.989451e-03	-5.682683e-03	-2.212923e-03	-2.927451e-03	2.100483e-02	-3.881088e-03	
9.542237e-04	1.068867e-03	4.306750e-04	5.659241e-04	-3.881088e-03	1.598216e-03	

VAR-COVAR MATRIX: ITER = 8000
2.096466e-03	1.379166e-03	5.287492e-04	7.298539e-04	-4.935796e-03	1.009031e-03	
1.379166e-03	2.404311e-03	5.877557e-04	7.932858e-04	-5.437461e-03	1.076861e-03	
5.287492e-04	5.877557e-04	1.040435e-03	3.048337e-04	-2.107118e-03	4.417747e-04	
7.298539e-04	7.932858e-04	3.048337e-04	1.225771e-03	-2.867406e-03	5.762727e-04	
-4.935796e-03	-5.437461e-03	-2.107118e-03	-2.867406e-03	2.014864e-02	-3.906345e-03	
1.009031e-03	1.076861e-03	4.417747e-04	5.762727e-04	-3.906345e-03	1.644616e-03	

VAR-COVAR MATRIX: ITER = 8500
2.105473e-03	1.420828e-03	5.426901e-04	7.607537e-04	-5.043958e-03	1.025571e-03	
1.420828e-03	2.444806e-03	6.163413e-04	8.470939e-04	-5.598715e-03	1.140097e-03	
5.426901e-04	6.163413e-04	1.050941e-03	3.375859e-04	-2.170450e-03	4.402621e-04	
7.607537e-04	8.470939e-04	3.375859e-04	1.276711e-03	-3.015683e-03	6.246286e-04	
-5.043958e-03	-5.598715e-03	-2.170450e-03	-3.015683e-03	2.060495e-02	-4.088859e-03	
1.025571e-03	1.140097e-03	4.402621e-04	6.246286e-04	-4.088859e-03	1.691473e-03	

VAR-COVAR MATRIX: ITER = 9000
2.060598e-03	1.398336e-03	5.015905e-04	7.531990e-04	-4.979449e-03	1.007839e-03	
1.398336e-03	2.444346e-03	5.424158e-04	8.391779e-04	-5.588613e-03	1.107043e-03	
5.015905e-04	5.424158e-04	1.000374e-03	2.879495e-04	-1.910179e-03	3.819046e-04	
7.531990e-04	8.391779e-04	2.879495e-04	1.247541e-03	-2.945751e-03	5.988324e-04	
-4.979449e-03	-5.588613e-03	-1.910179e-03	-2.945751e-03	2.047335e-02	-3.978673e-03	
1.007839e-03	1.107043e-03	3.819046e-04	5.988324e-04	-3.978673e-03	1.646142e-03	

VAR-COVAR MATRIX: ITER = 9500
2.108997e-03	1.388115e-03	4.807882e-04	7.862765e-04	-5.014170e-03	9.749781e-04	
1.388115e-03	2.405723e-03	5.338743e-04	8.681415e-04	-5.541108e-03	1.065412e-03	
4.807882e-04	5.338743e-04	1.008573e-03	3.142598e-04	-1.918135e-03	3.748112e-04	
7.862765e-04	8.681415e-04	3.142598e-04	1.300155e-03	-3.105846e-03	5.946405e-04	
-5.014170e-03	-5.541108e-03	-1.918135e-03	-3.105846e-03	2.059674e-02	-3.812218e-03	
9.749781e-04	1.065412e-03	3.748112e-04	5.946405e-04	-3.812218e-03	1.572925e-03	

VAR-COVAR MATRIX: ITER = 10000
2.091811e-03	1.417802e-03	5.161322e-04	7.679418e-04	-5.116021e-03	1.012226e-03	
1.417802e-03	2.368386e-03	5.368435e-04	8.185389e-04	-5.521624e-03	1.088785e-03	
5.161322e-04	5.368435e-04	1.025945e-03	3.162835e-04	-2.003261e-03	4.034949e-04	
7.679418e-04	8.185389e-04	3.162835e-04	1.245816e-03	-3.013085e-03	6.023289e-04	
-5.116021e-03	-5.521624e-03	-2.003261e-03	-3.013085e-03	2.082117e-02	-3.982476e-03	
1.012226e-03	1.088785e-03	4.034949e-04	6.023289e-04	-3.982476e-03	1.637070e-03	

VAR-COVAR MATRIX: ITER = 10500
2.027903e-03	1.339938e-03	5.080583e-04	7.402334e-04	-4.949749e-03	9.198011e-04	
1.339938e-03	2.339688e-03	5.382959e-04	8.146376e-04	-5.525841e-03	1.002919e-03	
5.080583e-04	5.382959e-04	1.024222e-03	3.110768e-04	-2.014121e-03	3.986599e-04	
7.402334e-04	8.146376e-04	3.110768e-04	1.274729e-03	-3.041074e-03	5.772555e-04	
-4.949749e-03	-5.525841e-03	-2.014121e-03	-3.041074e-03	2.102381e-02	-3.774297e-03	
9.198011e-04	1.002919e-03	3.986599e-04	5.772555e-04	-3.774297e-03	1.566576e-03	

VAR-COVAR MATRIX: ITER = 11000
2.282625e-03	1.531201e-03	6.072494e-04	9.125759e-04	-5.304209e-03	1.129271e-03	
1.531201e-03	2.490342e-03	6.460464e-04	9.646663e-04	-5.643685e-03	1.187700e-03	
6.072494e-04	6.460464e-04	1.087028e-03	3.753028e-04	-2.207133e-03	4.647937e-04	
9.125759e-04	9.646663e-04	3.753028e-04	1.418954e-03	-3.329469e-03	7.049411e-04	
-5.304209e-03	-5.643685e-03	-2.207133e-03	-3.329469e-03	2.006368e-02	-4.111388e-03	
1.129271e-03	1.187700e-03	4.647937e-04	7.049411e-04	-4.111388e-03	1.739888e-03	

VAR-COVAR MATRIX: ITER = 11500
2.180167e-03	1.453073e-03	5.673827e-04	7.988719e-04	-5.045143e-03	1.009293e-03	
1.453073e-03	2.453304e-03	5.793995e-04	8.565499e-04	-5.447072e-03	1.073004e-03	
5.673827e-04	5.793995e-04	1.045718e-03	3.250566e-04	-2.042088e-03	4.093817e-04	
7.988719e-04	8.565499e-04	3.250566e-04	1.320358e-03	-2.994856e-03	6.116093e-04	
-5.045143e-03	-5.447072e-03	-2.042088e-03	-2.994856e-03	1.959808e-02	-3.786850e-03	
1.009293e-03	1.073004e-03	4.093817e-04	6.116093e-04	-3.786850e-03	1.616361e-03	

VAR-COVAR MATRIX: ITER = 12000
2.063895e-03	1.389225e-03	5.302070e-04	7.283042e-04	-5.002453e-03	9.762879e-04	
1.389225e-03	2.379890e-03	5.870672e-04	8.006044e-04	-5.482040e-03	1.052386e-03	
5.302070e-04	5.870672e-04	1.057168e-03	3.262297e-04	-2.158974e-03	4.195597e-04	
7.283042e-04	8.006044e-04	3.262297e-04	1.276817e-03	-2.926833e-03	5.760455e-04	
-5.002453e-03	-5.482040e-03	-2.158974e-03	-2.926833e-03	2.059154e-02	-3.843362e-03	
9.762879e-04	1.052386e-03	4.195597e-04	5.760455e-04	-3.843362e-03	1.613018e-03	

VAR-COVAR MATRIX: ITER = 12500
2.052086e-03	1.367860e-03	5.457000e-04	7.696730e-04	-4.826523e-03	9.935473e-04	
1.367860e-03	2.405570e-03	5.714201e-04	8.472353e-04	-5.457061e-03	1.107985e-03	
5.457000e-04	5.714201e-04	1.039349e-03	3.244281e-04	-2.089554e-03	4.331298e-04	
7.696730e-04	8.472353e-04	3.244281e-04	1.288930e-03	-3.036931e-03	6.335191e-04	
-4.826523e-03	-5.457061e-03	-2.089554e-03	-3.036931e-03	1.995368e-02	-3.923423e-03	
9.935473e-04	1.107985e-03	4.331298e-04	6.335191e-04	-3.923423e-03	1.641849e-03	

VAR-COVAR MATRIX: ITER = 13000
2.057603e-03	1.390581e-03	5.478905e-04	7.912387e-04	-4.897082e-03	1.024441e-03	
1.390581e-03	2.450533e-03	6.072101e-04	8.785121e-04	-5.588855e-03	1.154753e-03	
5.478905e-04	6.072101e-04	1.068123e-03	3.733065e-04	-2.188292e-03	4.750401e-04	
7.912387e-04	8.785121e-04	3.733065e-04	1.332268e-03	-3.172079e-03	6.556992e-04	
-4.897082e-03	-5.588855e-03	-2.188292e-03	-3.172079e-03	2.034281e-02	-4.031685e-03	
1.024441e-03	1.154753e-03	4.750401e-04	6.556992e-04	-4.031685e-03	1.706377e-03	

VAR-COVAR MATRIX: ITER = 13500
1.962075e-03	1.297666e-03	4.937258e-04	7.512829e-04	-4.737225e-03	9.572760e-04	
1.297666e-03	2.348427e-03	5.643844e-04	8.509747e-04	-5.433836e-03	1.044733e-03	
4.937258e-04	5.643844e-04	1.027529e-03	3.191885e-04	-2.064026e-03	4.040863e-04	
7.512829e-04	8.509747e-04	3.191885e-04	1.295273e-03	-3.089091e-03	6.159353e-04	
-4.737225e-03	-5.433836e-03	-2.064026e-03	-3.089091e-03	2.030105e-02	-3.843299e-03	
9.572760e-04	1.044733e-03	4.040863e-04	6.159353e-04	-3.843299e-03	1.611317e-03	

VAR-COVAR MATRIX: ITER = 14000
2.072137e-03	1.357580e-03	5.265703e-04	7.718199e-04	-4.970344e-03	1.050212e-03	
1.357580e-03	2.317081e-03	5.769368e-04	8.200434e-04	-5.367228e-03	1.105526e-03	
5.265703e-04	5.769368e-04	1.046796e-03	3.123066e-04	-2.061670e-03	4.193652e-04	
7.718199e-04	8.200434e-04	3.123066e-04	1.290503e-03	-3.046215e-03	6.258832e-04	
-4.970344e-03	-5.367228e-03	-2.061670e-03	-3.046215e-03	2.031601e-02	-4.044905e-03	
1.050212e-03	1.105526e-03	4.193652e-04	6.258832e-04	-4.044905e-03	1.687353e-03	

VAR-COVAR MATRIX: ITER = 14500
2.090046e-03	1.430180e-03	5.877865e-04	7.645148e-04	-4.939583e-03	1.025509e-03	
1.430180e-03	2.468817e-03	6.084497e-04	8.348301e-04	-5.595508e-03	1.150892e-03	
5.877865e-04	6.084497e-04	1.086812e-03	3.463586e-04	-2.202414e-03	4.741714e-04	
7.645148e-04	8.348301e-04	3.463586e-04	1.268880e-03	-2.962820e-03	6.115633e-04	
-4.939583e-03	-5.595508e-03	-2.202414e-03	-2.962820e-03	2.010852e-02	-4.030303e-03	
1.025509e-03	1.150892e-03	4.741714e-04	6.115633e-04	-4.030303e-03	1.687397e-03	

VAR-COVAR MATRIX: ITER = 15000
2.139153e-03	1.482451e-03	5.959764e-04	7.992100e-04	-5.147013e-03	1.090718e-03	
1.482451e-03	2.466437e-03	6.404094e-04	8.550533e-04	-5.679115e-03	1.172770e-03	
5.959764e-04	6.404094e-04	1.087940e-03	3.614627e-04	-2.248643e-03	4.814611e-04	
7.992100e-04	8.550533e-04	3.614627e-04	1.297935e-03	-3.041126e-03	6.588645e-04	
-5.147013e-03	-5.679115e-03	-2.248643e-03	-3.041126e-03	2.073494e-02	-4.165388e-03	
1.090718e-03	1.172770e-03	4.814611e-04	6.588645e-04	-4.165388e-03	1.725504e-03	

VAR-COVAR MATRIX: ITER = 15500
2.193252e-03	1.490461e-03	5.620106e-04	8.348521e-04	-5.129781e-03	1.137872e-03	
1.490461e-03	2.475675e-03	6.274176e-04	9.087726e-04	-5.617818e-03	1.222168e-03	
5.620106e-04	6.274176e-04	1.052289e-03	3.511851e-04	-2.158137e-03	4.755308e-04	
8.348521e-04	9.087726e-04	3.511851e-04	1.339526e-03	-3.173553e-03	7.098125e-04	
-5.129781e-03	-5.617818e-03	-2.158137e-03	-3.173553e-03	2.011472e-02	-4.242131e-03	
1.137872e-03	1.222168e-03	4.755308e-04	7.098125e-04	-4.242131e-03	1.778779e-03	

VAR-COVAR MATRIX: ITER = 16000
2.071005e-03	1.400502e-03	5.854782e-04	7.914481e-04	-4.968581e-03	1.104541e-03	
1.400502e-03	2.396056e-03	6.355747e-04	8.852626e-04	-5.512644e-03	1.198906e-03	
5.854782e-04	6.355747e-04	1.122133e-03	3.790537e-04	-2.291410e-03	5.020930e-04	
7.914481e-04	8.852626e-04	3.790537e-04	1.309006e-03	-3.118848e-03	6.940655e-04	
-4.968581e-03	-5.512644e-03	-2.291410e-03	-3.118848e-03	2.027038e-02	-4.290481e-03	
1.104541e-03	1.198906e-03	5.020930e-04	6.940655e-04	-4.290481e-03	1.798047e-03	

VAR-COVAR MATRIX: ITER = 16500
2.036451e-03	1.375748e-03	5.589423e-04	7.910321e-04	-4.886942e-03	1.034847e-03	
1.375748e-03	2.410495e-03	6.190453e-04	8.803503e-04	-5.489252e-03	1.134222e-03	
5.589423e-04	6.190453e-04	1.078274e-03	3.649457e-04	-2.202321e-03	4.744487e-04	
7.910321e-04	8.803503e-04	3.649457e-04	1.295543e-03	-3.150151e-03	6.705963e-04	
-4.886942e-03	-5.489252e-03	-2.202321e-03	-3.150151e-03	2.028508e-02	-4.109496e-03	
1.034847e-03	1.134222e-03	4.744487e-04	6.705963e-04	-4.109496e-03	1.715747e-03	

VAR-COVAR MATRIX: ITER = 17000
2.042463e-03	1.384050e-03	5.197721e-04	7.216420e-04	-4.892522e-03	9.799386e-04	
1.384050e-03	2.425707e-03	5.806335e-04	8.014661e-04	-5.544325e-03	1.106533e-03	
5.197721e-04	5.806335e-04	1.062424e-03	3.172687e-04	-2.116018e-03	4.296811e-04	
7.216420e-04	8.014661e-04	3.172687e-04	1.253198e-03	-2.917406e-03	5.779665e-04	
-4.892522e-03	-5.544325e-03	-2.116018e-03	-2.917406e-03	2.049490e-02	-3.946669e-03	
9.799386e-04	1.106533e-03	4.296811e-04	5.779665e-04	-3.946669e-03	1.647365e-03	

VAR-COVAR MATRIX: ITER = 17500
2.135814e-03	1.479662e-03	5.544041e-04	7.679075e-04	-5.047245e-03	1.075145e-03	
1.479662e-03	2.541322e-03	6.245124e-04	8.723200e-04	-5.718173e-03	1.180735e-03	
5.544041e-04	6.245124e-04	1.073674e-03	3.235195e-04	-2.124801e-03	4.433023e-04	
7.679075e-04	8.723200e-04	3.235195e-04	1.273940e-03	-2.992727e-03	6.438972e-04	
-5.047245e-03	-5.718173e-03	-2.124801e-03	-2.992727e-03	2.016683e-02	-4.070506e-03	
1.075145e-03	1.180735e-03	4.433023e-04	6.438972e-04	-4.070506e-03	1.719773e-03	

VAR-COVAR MATRIX: ITER = 18000
2.130509e-03	1.480853e-03	5.456583e-04	7.962553e-04	-5.022128e-03	1.065384e-03	
1.480853e-03	2.510125e-03	5.797017e-04	8.899975e-04	-5.642334e-03	1.166917e-03	
5.456583e-04	5.797017e-04	1.032708e-03	3.182581e-04	-2.035307e-03	4.326667e-04	
7.962553e-04	8.899975e-04	3.182581e-04	1.299764e-03	-3.003494e-03	6.311568e-04	
-5.022128e-03	-5.642334e-03	-2.035307e-03	-3.003494e-03	1.989159e-02	-4.036524e-03	
1.065384e-03	1.166917e-03	4.326667e-04	6.311568e-04	-4.036524e-03	1.719701e-03	

VAR-COVAR MATRIX: ITER = 18500
2.184868e-03	1.498846e-03	5.736382e-04	8.131551e-04	-5.232532e-03	1.105744e-03	
1.498846e-03	2.489534e-03	5.915820e-04	8.806873e-04	-5.706182e-03	1.194701e-03	
5.736382e-04	5.915820e-04	1.058155e-03	3.299731e-04	-2.102152e-03	4.480714e-04	
8.131551e-04	8.806873e-04	3.299731e-04	1.296654e-03	-3.080397e-03	6.572267e-04	
-5.232532e-03	-5.706182e-03	-2.102152e-03	-3.080397e-03	2.045067e-02	-4.188327e-03	
1.105744e-03	1.194701e-03	4.480714e-04	6.572267e-04	-4.188327e-03	1.740529e-03	

VAR-COVAR MATRIX: ITER = 19000
2.038493e-03	1.358840e-03	5.028378e-04	7.606061e-04	-4.956156e-03	1.014741e-03	
1.358840e-03	2.315558e-03	5.571779e-04	8.053848e-04	-5.412465e-03	1.106322e-03	
5.028378e-04	5.571779e-04	1.020391e-03	3.238395e-04	-2.053982e-03	4.156585e-04	
7.606061e-04	8.053848e-04	3.238395e-04	1.277616e-03	-3.038380e-03	6.152458e-04	
-4.956156e-03	-5.412465e-03	-2.053982e-03	-3.038380e-03	2.061184e-02	-4.081305e-03	
1.014741e-03	1.106322e-03	4.156585e-04	6.152458e-04	-4.081305e-03	1.689001e-03	

VAR-COVAR MATRIX: ITER = 19500
2.082631e-03	1.350744e-03	5.437394e-04	7.362684e-04	-5.012826e-03	1.035908e-03	
1.350744e-03	2.324635e-03	5.677020e-04	7.915637e-04	-5.412174e-03	1.101949e-03	
5.437394e-04	5.677020e-04	1.029785e-03	3.242042e-04	-2.107380e-03	4.344599e-04	
7.362684e-04	7.915637e-04	3.242042e-04	1.246103e-03	-2.946970e-03	6.167801e-04	
-5.012826e-03	-5.412174e-03	-2.107380e-03	-2.946970e-03	2.067395e-02	-4.084579e-03	
1.035908e-03	1.101949e-03	4.344599e-04	6.167801e-04	-4.084579e-03	1.696677e-03	

VAR-COVAR MATRIX: ITER = 20000
2.149489e-03	1.431275e-03	5.417715e-04	7.634379e-04	-5.091213e-03	1.108867e-03	
1.431275e-03	2.338848e-03	5.869381e-04	7.816823e-04	-5.388398e-03	1.147905e-03	
5.417715e-04	5.869381e-04	1.057660e-03	2.993719e-04	-2.060402e-03	4.356407e-04	
7.634379e-04	7.816823e-04	2.993719e-04	1.269963e-03	-2.859951e-03	6.271953e-04	
-5.091213e-03	-5.388398e-03	-2.060402e-03	-2.859951e-03	2.010344e-02	-4.093272e-03	
1.108867e-03	1.147905e-03	4.356407e-04	6.271953e-04	-4.093272e-03	1.751320e-03	

VAR-COVAR MATRIX: ITER = 20500
2.161252e-03	1.472368e-03	5.875042e-04	7.908050e-04	-5.125393e-03	1.084536e-03	
1.472368e-03	2.470854e-03	6.402656e-04	8.507551e-04	-5.629926e-03	1.136753e-03	
5.875042e-04	6.402656e-04	1.067684e-03	3.412334e-04	-2.237033e-03	4.768056e-04	
7.908050e-04	8.507551e-04	3.412334e-04	1.290292e-03	-3.028812e-03	6.246515e-04	
-5.125393e-03	-5.629926e-03	-2.237033e-03	-3.028812e-03	2.039674e-02	-4.093957e-03	
1.084536e-03	1.136753e-03	4.768056e-04	6.246515e-04	-4.093957e-03	1.717465e-03	

VAR-COVAR MATRIX: ITER = 21000
2.124120e-03	1.409696e-03	5.592585e-04	7.493363e-04	-5.071455e-03	1.089611e-03	
1.409696e-03	2.364826e-03	6.098587e-04	7.827589e-04	-5.377904e-03	1.146835e-03	
5.592585e-04	6.098587e-04	1.078618e-03	3.183162e-04	-2.155181e-03	4.534812e-04	
7.493363e-04	7.827589e-04	3.183162e-04	1.238699e-03	-2.829772e-03	6.088042e-04	
-5.071455e-03	-5.377904e-03	-2.155181e-03	-2.829772e-03	2.002539e-02	-4.090851e-03	
1.089611e-03	1.146835e-03	4.534812e-04	6.088042e-04	-4.090851e-03	1.723709e-03	

VAR-COVAR MATRIX: ITER = 21500
2.036214e-03	1.285915e-03	5.389909e-04	6.957238e-04	-4.846219e-03	1.012936e-03	
1.285915e-03	2.245737e-03	5.629404e-04	7.468636e-04	-5.189745e-03	1.079554e-03	
5.389909e-04	5.629404e-04	1.059411e-03	3.066709e-04	-2.119132e-03	4.516641e-04	
6.957238e-04	7.468636e-04	3.066709e-04	1.217020e-03	-2.734805e-03	5.734789e-04	
-4.846219e-03	-5.189745e-03	-2.119132e-03	-2.734805e-03	2.000211e-02	-4.027288e-03	
1.012936e-03	1.079554e-03	4.516641e-04	5.734789e-04	-4.027288e-03	1.717495e-03	

VAR-COVAR MATRIX: ITER = 22000
2.197192e-03	1.493433e-03	5.873552e-04	7.794878e-04	-5.245793e-03	1.059905e-03	
1.493433e-03	2.427605e-03	6.312872e-04	8.073337e-04	-5.619367e-03	1.094031e-03	
5.873552e-04	6.312872e-04	1.066869e-03	3.399337e-04	-2.250582e-03	4.428279e-04	
7.794878e-04	8.073337e-04	3.399337e-04	1.243867e-03	-2.903178e-03	5.835510e-04	
-5.245793e-03	-5.619367e-03	-2.250582e-03	-2.903178e-03	2.059613e-02	-3.956908e-03	
1.059905e-03	1.094031e-03	4.428279e-04	5.835510e-04	-3.956908e-03	1.679087e-03	

VAR-COVAR MATRIX: ITER = 22500
2.021149e-03	1.347077e-03	5.393680e-04	7.447022e-04	-4.926000e-03	9.629625e-04	
1.347077e-03	2.354035e-03	5.937976e-04	7.982191e-04	-5.440108e-03	1.037129e-03	
5.393680e-04	5.937976e-04	1.060549e-03	3.389242e-04	-2.191653e-03	4.340051e-04	
7.447022e-04	7.982191e-04	3.389242e-04	1.253174e-03	-2.933797e-03	5.755784e-04	
-4.926000e-03	-5.440108e-03	-2.191653e-03	-2.933797e-03	2.055908e-02	-3.842593e-03	
9.629625e-04	1.037129e-03	4.340051e-04	5.755784e-04	-3.842593e-03	1.596770e-03	

VAR-COVAR MATRIX: ITER = 23000
1.987836e-03	1.285507e-03	5.287264e-04	6.869174e-04	-4.777663e-03	9.588933e-04	
1.285507e-03	2.253347e-03	5.722812e-04	7.408384e-04	-5.256687e-03	1.036459e-03	
5.287264e-04	5.722812e-04	1.031097e-03	2.956991e-04	-2.118195e-03	4.279070e-04	
6.869174e-04	7.408384e-04	2.956991e-04	1.212087e-03	-2.731781e-03	5.395256e-04	
-4.777663e-03	-5.256687e-03	-2.118195e-03	-2.731781e-03	2.033102e-02	-3.879752e-03	
9.588933e-04	1.036459e-03	4.279070e-04	5.395256e-04	-3.879752e-03	1.629216e-03	

VAR-COVAR MATRIX: ITER = 23500
2.100361e-03	1.411938e-03	6.048429e-04	7.842557e-04	-5.014011e-03	1.067180e-03	
1.411938e-03	2.379113e-03	6.346465e-04	8.364015e-04	-5.403774e-03	1.121785e-03	
6.048429e-04	6.346465e-04	1.125354e-03	3.607130e-04	-2.342764e-03	5.062862e-04	
7.842557e-04	8.364015e-04	3.607130e-04	1.290319e-03	-2.989288e-03	6.255307e-04	
-5.014011e-03	-5.403774e-03	-2.342764e-03	-2.989288e-03	2.007377e-02	-4.057259e-03	
1.067180e-03	1.121785e-03	5.062862e-04	6.255307e-04	-4.057259e-03	1.703248e-03	

VAR-COVAR MATRIX: ITER = 24000
2.066804e-03	1.357549e-03	5.714558e-04	7.332652e-04	-4.903881e-03	1.022670e-03	
1.357549e-03	2.368319e-03	6.257166e-04	8.127468e-04	-5.467393e-03	1.099465e-03	
5.714558e-04	6.257166e-04	1.072253e-03	3.708905e-04	-2.280905e-03	4.605369e-04	
7.332652e-04	8.127468e-04	3.708905e-04	1.294061e-03	-3.006412e-03	6.110949e-04	
-4.903881e-03	-5.467393e-03	-2.280905e-03	-3.006412e-03	2.036163e-02	-4.007727e-03	
1.022670e-03	1.099465e-03	4.605369e-04	6.110949e-04	-4.007727e-03	1.689345e-03	

VAR-COVAR MATRIX: ITER = 24500
2.084834e-03	1.450241e-03	6.337740e-04	8.309360e-04	-4.974888e-03	1.036613e-03	
1.450241e-03	2.499387e-03	7.361970e-04	9.499793e-04	-5.720779e-03	1.188694e-03	
6.337740e-04	7.361970e-04	1.132526e-03	4.021075e-04	-2.493951e-03	5.174895e-04	
8.309360e-04	9.499793e-04	4.021075e-04	1.354618e-03	-3.235185e-03	6.848427e-04	
-4.974888e-03	-5.720779e-03	-2.493951e-03	-3.235185e-03	2.026133e-02	-4.055212e-03	
1.036613e-03	1.188694e-03	5.174895e-04	6.848427e-04	-4.055212e-03	1.700320e-03	

VAR-COVAR MATRIX: ITER = 25000
1.995247e-03	1.376639e-03	5.386311e-04	7.062364e-04	-4.775661e-03	9.863013e-04	
1.376639e-03	2.400896e-03	6.055942e-04	7.956571e-04	-5.518140e-03	1.130491e-03	
5.386311e-04	6.055942e-04	1.063558e-03	3.148495e-04	-2.155883e-03	4.442509e-04	
7.062364e-04	7.956571e-04	3.148495e-04	1.218466e-03	-2.747891e-03	5.754875e-04	
-4.775661e-03	-5.518140e-03	-2.155883e-03	-2.747891e-03	2.004578e-02	-3.956159e-03	
9.863013e-04	1.130491e-03	4.442509e-04	5.754875e-04	-3.956159e-03	1.671691e-03	

VAR-COVAR MATRIX: ITER = 25500
1.941419e-03	1.327880e-03	4.937592e-04	6.684989e-04	-4.806642e-03	9.008778e-04	
1.327880e-03	2.374414e-03	5.518759e-04	7.569289e-04	-5.501334e-03	1.032961e-03	
4.937592e-04	5.518759e-04	1.029493e-03	2.853509e-04	-2.041260e-03	3.874935e-04	
6.684989e-04	7.569289e-04	2.853509e-04	1.212062e-03	-2.790903e-03	5.167585e-04	
-4.806642e-03	-5.501334e-03	-2.041260e-03	-2.790903e-03	2.081129e-02	-3.758484e-03	
9.008778e-04	1.032961e-03	3.874935e-04	5.167585e-04	-3.758484e-03	1.554549e-03	

VAR-COVAR MATRIX: ITER = 26000
2.075329e-03	1.442055e-03	5.040802e-04	7.550609e-04	-4.935124e-03	9.826041e-04	
1.442055e-03	2.530512e-03	5.618102e-04	8.535088e-04	-5.641108e-03	1.099069e-03	
5.040802e-04	5.618102e-04	1.022487e-03	3.138856e-04	-1.986587e-03	4.096503e-04	
7.550609e-04	8.535088e-04	3.138856e-04	1.255298e-03	-2.932641e-03	5.856292e-04	
-4.935124e-03	-5.641108e-03	-1.986587e-03	-2.932641e-03	2.003279e-02	-3.812635e-03	
9.826041e-04	1.099069e-03	4.096503e-04	5.856292e-04	-3.812635e-03	1.619629e-03	

VAR-COVAR MATRIX: ITER = 26500
2.164970e-03	1.450635e-03	5.650355e-04	8.073202e-04	-5.139289e-03	1.008359e-03	
1.450635e-03	2.458556e-03	6.085832e-04	8.572054e-04	-5.609220e-03	1.112789e-03	
5.650355e-04	6.085832e-04	1.085956e-03	3.359933e-04	-2.171140e-03	4.279532e-04	
8.073202e-04	8.572054e-04	3.359933e-04	1.293006e-03	-3.022070e-03	6.078898e-04	
-5.139289e-03	-5.609220e-03	-2.171140e-03	-3.022070e-03	2.042259e-02	-3.878961e-03	
1.008359e-03	1.112789e-03	4.279532e-04	6.078898e-04	-3.878961e-03	1.606758e-03	

VAR-COVAR MATRIX: ITER = 27000
2.157656e-03	1.492986e-03	5.429919e-04	8.151658e-04	-5.105351e-03	9.780066e-04	
1.492986e-03	2.519919e-03	5.965405e-04	9.068422e-04	-5.672081e-03	1.048783e-03	
5.429919e-04	5.965405e-04	1.030265e-03	3.511211e-04	-2.061093e-03	3.983510e-04	
8.151658e-04	9.068422e-04	3.511211e-04	1.328937e-03	-3.152765e-03	5.727462e-04	
-5.105351e-03	-5.672081e-03	-2.061093e-03	-3.152765e-03	2.013757e-02	-3.635037e-03	
9.780066e-04	1.048783e-03	3.983510e-04	5.727462e-04	-3.635037e-03	1.536781e-03	

VAR-COVAR MATRIX: ITER = 27500
2.145927e-03	1.496022e-03	5.467561e-04	8.574938e-04	-5.083349e-03	1.023146e-03	
1.496022e-03	2.548816e-03	6.075540e-04	9.267762e-04	-5.720667e-03	1.114130e-03	
5.467561e-04	6.075540e-04	1.033115e-03	3.575798e-04	-2.116498e-03	4.186775e-04	
8.574938e-04	9.267762e-04	3.575798e-04	1.377483e-03	-3.247201e-03	6.289902e-04	
-5.083349e-03	-5.720667e-03	-2.116498e-03	-3.247201e-03	2.021048e-02	-3.855109e-03	
1.023146e-03	1.114130e-03	4.186775e-04	6.289902e-04	-3.855109e-03	1.627222e-03	

VAR-COVAR MATRIX: ITER = 28000
2.060824e-03	1.469213e-03	4.884834e-04	7.906897e-04	-4.907831e-03	9.801066e-04	
1.469213e-03	2.563726e-03	5.538653e-04	9.088753e-04	-5.785427e-03	1.146540e-03	
4.884834e-04	5.538653e-04	1.019101e-03	3.170200e-04	-1.959468e-03	3.860972e-04	
7.906897e-04	9.088753e-04	3.170200e-04	1.317380e-03	-3.106643e-03	6.023011e-04	
-4.907831e-03	-5.785427e-03	-1.959468e-03	-3.106643e-03	2.021094e-02	-3.821638e-03	
9.801066e-04	1.146540e-03	3.860972e-04	6.023011e-04	-3.821638e-03	1.603252e-03	

VAR-COVAR MATRIX: ITER = 28500
2.182299e-03	1.575300e-03	6.280340e-04	8.328623e-04	-5.117960e-03	1.063100e-03	
1.575300e-03	2.598023e-03	7.020222e-04	9.684108e-04	-5.824135e-03	1.172353e-03	
6.280340e-04	7.020222e-04	1.130939e-03	3.794629e-04	-2.303637e-03	4.900894e-04	
8.328623e-04	9.684108e-04	3.794629e-04	1.328178e-03	-3.141657e-03	6.413941e-04	
-5.117960e-03	-5.824135e-03	-2.303637e-03	-3.141657e-03	1.978621e-02	-3.866153e-03	
1.063100e-03	1.172353e-03	4.900894e-04	6.413941e-04	-3.866153e-03	1.642938e-03	

VAR-COVAR MATRIX: ITER = 29000
2.139987e-03	1.496271e-03	6.241237e-04	8.289185e-04	-5.110682e-03	1.056753e-03	
1.496271e-03	2.570940e-03	6.918813e-04	9.139108e-04	-5.803642e-03	1.196260e-03	
6.241237e-04	6.918813e-04	1.119635e-03	3.902064e-04	-2.348837e-03	5.069326e-04	
8.289185e-04	9.139108e-04	3.902064e-04	1.304940e-03	-3.171951e-03	6.520121e-04	
-5.110682e-03	-5.803642e-03	-2.348837e-03	-3.171951e-03	2.038971e-02	-4.082587e-03	
1.056753e-03	1.196260e-03	5.069326e-04	6.520121e-04	-4.082587e-03	1.698987e-03	

VAR-COVAR MATRIX: ITER = 29500
2.066676e-03	1.406307e-03	5.789178e-04	7.565745e-04	-4.899334e-03	9.733628e-04	
1.406307e-03	2.436407e-03	6.471312e-04	8.586514e-04	-5.517210e-03	1.103009e-03	
5.789178e-04	6.471312e-04	1.076672e-03	3.520438e-04	-2.296191e-03	4.633314e-04	
7.565745e-04	8.586514e-04	3.520438e-04	1.272417e-03	-3.004878e-03	5.903470e-04	
-4.899334e-03	-5.517210e-03	-2.296191e-03	-3.004878e-03	2.014221e-02	-3.860673e-03	
9.733628e-04	1.103009e-03	4.633314e-04	5.903470e-04	-3.860673e-03	1.641559e-03	

VAR-COVAR MATRIX: ITER = 30000
1.995420e-03	1.354949e-03	5.336045e-04	7.522040e-04	-4.858815e-03	9.525751e-04	
1.354949e-03	2.388893e-03	6.070319e-04	8.180398e-04	-5.493053e-03	1.081081e-03	
5.336045e-04	6.070319e-04	1.046672e-03	3.206369e-04	-2.145420e-03	4.105191e-04	
7.522040e-04	8.180398e-04	3.206369e-04	1.293111e-03	-2.966270e-03	6.042000e-04	
-4.858815e-03	-5.493053e-03	-2.145420e-03	-2.966270e-03	2.041233e-02	-3.859956e-03	
9.525751e-04	1.081081e-03	4.105191e-04	6.042000e-04	-3.859956e-03	1.611191e-03	

VAR-COVAR MATRIX: ITER = 30500
2.060103e-03	1.462184e-03	5.257452e-04	7.344987e-04	-5.035882e-03	1.027666e-03	
1.462184e-03	2.588649e-03	6.158064e-04	8.641117e-04	-5.962540e-03	1.193588e-03	
5.257452e-04	6.158064e-04	1.047443e-03	3.266485e-04	-2.165969e-03	4.431197e-04	
7.344987e-04	8.641117e-04	3.266485e-04	1.259150e-03	-3.026425e-03	6.109579e-04	
-5.035882e-03	-5.962540e-03	-2.165969e-03	-3.026425e-03	2.129393e-02	-4.132281e-03	
1.027666e-03	1.193588e-03	4.431197e-04	6.109579e-04	-4.132281e-03	1.692885e-03	

VAR-COVAR MATRIX: ITER = 31000
2.057951e-03	1.409953e-03	4.937932e-04	7.363061e-04	-4.927535e-03	9.898794e-04	
1.409953e-03	2.452079e-03	5.577378e-04	8.333797e-04	-5.644249e-03	1.127005e-03	
4.937932e-04	5.577378e-04	1.001795e-03	2.920228e-04	-1.923114e-03	4.057665e-04	
7.363061e-04	8.333797e-04	2.920228e-04	1.254307e-03	-2.945518e-03	6.038930e-04	
-4.927535e-03	-5.644249e-03	-1.923114e-03	-2.945518e-03	2.046438e-02	-3.962179e-03	
9.898794e-04	1.127005e-03	4.057665e-04	6.038930e-04	-3.962179e-03	1.661220e-03	

VAR-COVAR MATRIX: ITER = 31500
2.034482e-03	1.360988e-03	4.596652e-04	7.474761e-04	-4.881725e-03	9.974865e-04	
1.360988e-03	2.365420e-03	4.969992e-04	8.186506e-04	-5.413119e-03	1.071019e-03	
4.596652e-04	4.969992e-04	1.029810e-03	2.896830e-04	-1.882659e-03	3.634816e-04	
7.474761e-04	8.186506e-04	2.896830e-04	1.277174e-03	-2.984572e-03	5.951031e-04	
-4.881725e-03	-5.413119e-03	-1.882659e-03	-2.984572e-03	2.033993e-02	-3.869819e-03	
9.974865e-04	1.071019e-03	3.634816e-04	5.951031e-04	-3.869819e-03	1.639521e-03	

VAR-COVAR MATRIX: ITER = 32000
2.057343e-03	1.407263e-03	4.898500e-04	7.370039e-04	-4.928602e-03	1.004764e-03	
1.407263e-03	2.479435e-03	5.402551e-04	8.431394e-04	-5.652843e-03	1.118545e-03	
4.898500e-04	5.402551e-04	1.017426e-03	3.093425e-04	-1.936558e-03	4.007868e-04	
7.370039e-04	8.431394e-04	3.093425e-04	1.254004e-03	-2.959481e-03	5.939475e-04	
-4.928602e-03	-5.652843e-03	-1.936558e-03	-2.959481e-03	2.044905e-02	-3.942870e-03	
1.004764e-03	1.118545e-03	4.007868e-04	5.939475e-04	-3.942870e-03	1.676151e-03	

VAR-COVAR MATRIX: ITER = 32500
2.061434e-03	1.394118e-03	5.247876e-04	7.867594e-04	-4.853786e-03	1.040373e-03	
1.394118e-03	2.433965e-03	5.853112e-04	8.757965e-04	-5.469407e-03	1.138529e-03	
5.247876e-04	5.853112e-04	1.047888e-03	3.257400e-04	-2.034894e-03	4.376075e-04	
7.867594e-04	8.757965e-04	3.257400e-04	1.318800e-03	-3.072315e-03	6.385379e-04	
-4.853786e-03	-5.469407e-03	-2.034894e-03	-3.072315e-03	1.977952e-02	-4.001592e-03	
1.040373e-03	1.138529e-03	4.376075e-04	6.385379e-04	-4.001592e-03	1.705889e-03	

VAR-COVAR MATRIX: ITER = 33000
2.209480e-03	1.491792e-03	5.722765e-04	8.699164e-04	-5.167465e-03	1.121782e-03	
1.491792e-03	2.467333e-03	6.391966e-04	9.333154e-04	-5.550115e-03	1.173860e-03	
5.722765e-04	6.391966e-04	1.087942e-03	3.694135e-04	-2.210416e-03	4.620743e-04	
8.699164e-04	9.333154e-04	3.694135e-04	1.374942e-03	-3.254245e-03	7.083002e-04	
-5.167465e-03	-5.550115e-03	-2.210416e-03	-3.254245e-03	2.000711e-02	-4.121418e-03	
1.121782e-03	1.173860e-03	4.620743e-04	7.083002e-04	-4.121418e-03	1.752882e-03	

VAR-COVAR MATRIX: ITER = 33500
2.102841e-03	1.428731e-03	5.006344e-04	7.221522e-04	-5.024087e-03	1.006585e-03	
1.428731e-03	2.437639e-03	5.646834e-04	8.135026e-04	-5.574602e-03	1.091240e-03	
5.006344e-04	5.646834e-04	1.003322e-03	2.930402e-04	-1.977296e-03	4.031472e-04	
7.221522e-04	8.135026e-04	2.930402e-04	1.236420e-03	-2.871323e-03	5.757052e-04	
-5.024087e-03	-5.574602e-03	-1.977296e-03	-2.871323e-03	2.041496e-02	-3.876330e-03	
1.006585e-03	1.091240e-03	4.031472e-04	5.757052e-04	-3.876330e-03	1.647746e-03	

VAR-COVAR MATRIX: ITER = 34000
2.114457e-03	1.417711e-03	5.416011e-04	6.891255e-04	-5.004608e-03	9.999937e-04	
1.417711e-03	2.384150e-03	5.893123e-04	7.571407e-04	-5.451079e-03	1.072583e-03	
5.416011e-04	5.893123e-04	1.052663e-03	2.994729e-04	-2.127783e-03	4.358347e-04	
6.891255e-04	7.571407e-04	2.994729e-04	1.217876e-03	-2.711792e-03	5.400655e-04	
-5.004608e-03	-5.451079e-03	-2.127783e-03	-2.711792e-03	2.015112e-02	-3.854878e-03	
9.999937e-04	1.072583e-03	4.358347e-04	5.400655e-04	-3.854878e-03	1.638128e-03	

VAR-COVAR MATRIX: ITER = 34500
2.063315e-03	1.390117e-03	5.050788e-04	7.204656e-04	-4.990572e-03	9.367276e-04	
1.390117e-03	2.391433e-03	5.630546e-04	7.861452e-04	-5.558997e-03	1.011781e-03	
5.050788e-04	5.630546e-04	1.050610e-03	3.048752e-04	-2.105278e-03	3.977687e-04	
7.204656e-04	7.861452e-04	3.048752e-04	1.227820e-03	-2.875221e-03	5.361571e-04	
-4.990572e-03	-5.558997e-03	-2.105278e-03	-2.875221e-03	2.075209e-02	-3.753033e-03	
9.367276e-04	1.011781e-03	3.977687e-04	5.361571e-04	-3.753033e-03	1.583421e-03	

VAR-COVAR MATRIX: ITER = 35000
2.060543e-03	1.351274e-03	5.309469e-04	7.915704e-04	-4.868810e-03	9.714268e-04	
1.351274e-03	2.333926e-03	5.954926e-04	8.684403e-04	-5.385545e-03	1.043739e-03	
5.309469e-04	5.954926e-04	1.047211e-03	3.481036e-04	-2.103453e-03	4.349206e-04	
7.915704e-04	8.684403e-04	3.481036e-04	1.342640e-03	-3.147978e-03	6.174809e-04	
-4.868810e-03	-5.385545e-03	-2.103453e-03	-3.147978e-03	2.003575e-02	-3.790047e-03	
9.714268e-04	1.043739e-03	4.349206e-04	6.174809e-04	-3.790047e-03	1.610280e-03	

VAR-COVAR MATRIX: ITER = 35500
2.145137e-03	1.410011e-03	5.653357e-04	8.003402e-04	-5.147568e-03	1.041459e-03	
1.410011e-03	2.365732e-03	5.918146e-04	8.474981e-04	-5.527015e-03	1.094783e-03	
5.653357e-04	5.918146e-04	1.039161e-03	3.469869e-04	-2.161408e-03	4.397772e-04	
8.003402e-04	8.474981e-04	3.469869e-04	1.297207e-03	-3.078533e-03	6.152690e-04	
-5.147568e-03	-5.527015e-03	-2.161408e-03	-3.078533e-03	2.088344e-02	-4.048252e-03	
1.041459e-03	1.094783e-03	4.397772e-04	6.152690e-04	-4.048252e-03	1.647027e-03	

VAR-COVAR MATRIX: ITER = 36000
2.166713e-03	1.407360e-03	5.671559e-04	8.285475e-04	-5.178098e-03	1.038034e-03	
1.407360e-03	2.339431e-03	5.858202e-04	8.482427e-04	-5.429787e-03	1.045187e-03	
5.671559e-04	5.858202e-04	1.058746e-03	3.309910e-04	-2.138471e-03	4.299664e-04	
8.285475e-04	8.482427e-04	3.309910e-04	1.323525e-03	-3.089844e-03	6.116008e-04	
-5.178098e-03	-5.429787e-03	-2.138471e-03	-3.089844e-03	2.064130e-02	-3.909716e-03	
1.038034e-03	1.045187e-03	4.299664e-04	6.116008e-04	-3.909716e-03	1.624523e-03	

VAR-COVAR MATRIX: ITER = 36500
2.241978e-03	1.446030e-03	6.045617e-04	8.368976e-04	-5.282400e-03	1.095918e-03	
1.446030e-03	2.349197e-03	6.161134e-04	8.520961e-04	-5.418466e-03	1.100860e-03	
6.045617e-04	6.161134e-04	1.079227e-03	3.688121e-04	-2.243239e-03	4.434316e-04	
8.368976e-04	8.520961e-04	3.688121e-04	1.318164e-03	-3.094282e-03	6.360747e-04	
-5.282400e-03	-5.418466e-03	-2.243239e-03	-3.094282e-03	2.040934e-02	-4.038376e-03	
1.095918e-03	1.100860e-03	4.434316e-04	6.360747e-04	-4.038376e-03	1.660666e-03	

VAR-COVAR MATRIX: ITER = 37000
2.290208e-03	1.557991e-03	5.846758e-04	8.670249e-04	-5.387337e-03	1.192836e-03	
1.557991e-03	2.494306e-03	6.246428e-04	9.228114e-04	-5.726819e-03	1.274514e-03	
5.846758e-04	6.246428e-04	1.086733e-03	3.675860e-04	-2.223809e-03	5.080849e-04	
8.670249e-04	9.228114e-04	3.675860e-04	1.327344e-03	-3.176578e-03	6.992406e-04	
-5.387337e-03	-5.726819e-03	-2.223809e-03	-3.176578e-03	2.066541e-02	-4.373490e-03	
1.192836e-03	1.274514e-03	5.080849e-04	6.992406e-04	-4.373490e-03	1.826339e-03	

VAR-COVAR MATRIX: ITER = 37500
2.197337e-03	1.441200e-03	5.947730e-04	8.371434e-04	-5.223719e-03	1.075738e-03	
1.441200e-03	2.395342e-03	6.390441e-04	8.645588e-04	-5.519520e-03	1.164710e-03	
5.947730e-04	6.390441e-04	1.088003e-03	3.687009e-04	-2.239623e-03	4.794297e-04	
8.371434e-04	8.645588e-04	3.687009e-04	1.323625e-03	-3.135602e-03	6.486935e-04	
-5.223719e-03	-5.519520e-03	-2.239623e-03	-3.135602e-03	2.048206e-02	-4.113496e-03	
1.075738e-03	1.164710e-03	4.794297e-04	6.486935e-04	-4.113496e-03	1.710939e-03	

VAR-COVAR MATRIX: ITER = 38000
2.155295e-03	1.404025e-03	5.653218e-04	7.330637e-04	-5.155837e-03	9.796667e-04	
1.404025e-03	2.393129e-03	6.150414e-04	7.851141e-04	-5.510012e-03	1.032160e-03	
5.653218e-04	6.150414e-04	1.073289e-03	3.259975e-04	-2.184721e-03	4.209544e-04	
7.330637e-04	7.851141e-04	3.259975e-04	1.231389e-03	-2.861498e-03	5.524217e-04	
-5.155837e-03	-5.510012e-03	-2.184721e-03	-2.861498e-03	2.067339e-02	-3.806441e-03	
9.796667e-04	1.032160e-03	4.209544e-04	5.524217e-04	-3.806441e-03	1.593535e-03	

VAR-COVAR MATRIX: ITER = 38500
2.036995e-03	1.322850e-03	5.216273e-04	6.876446e-04	-4.860033e-03	9.371304e-04	
1.322850e-03	2.272777e-03	5.658058e-04	7.163117e-04	-5.295623e-03	1.000354e-03	
5.216273e-04	5.658058e-04	1.036704e-03	2.977966e-04	-2.094157e-03	4.038860e-04	
6.876446e-04	7.163117e-04	2.977966e-04	1.209338e-03	-2.765867e-03	5.330890e-04	
-4.860033e-03	-5.295623e-03	-2.094157e-03	-2.765867e-03	2.038940e-02	-3.773946e-03	
