2.060880e-03	1.410023e-03	4.590054e-04	7.598623e-04	-4.865882e-03	9.524036e-04	
1.410023e-03	2.491781e-03	5.401076e-04	8.540680e-04	-5.637648e-03	1.107328e-03	
4.590054e-04	5.401076e-04	1.010916e-03	3.133033e-04	-1.884262e-03	3.826216e-04	
7.598623e-04	8.540680e-04	3.133033e-04	1.313218e-03	-3.076288e-03	6.109941e-04	
-4.865882e-03	-5.637648e-03	-1.884262e-03	-3.076288e-03	2.035459e-02	-3.872180e-03	
9.524036e-04	1.107328e-03	3.826216e-04	6.109941e-04	-3.872180e-03	1.623154e-03	
