2.225595e-03	1.511611e-03	6.062739e-04	8.072137e-04	-5.208069e-03	1.099591e-03	
1.511611e-03	2.490440e-03	6.221117e-04	8.596584e-04	-5.669078e-03	1.168787e-03	
6.062739e-04	6.221117e-04	1.089502e-03	3.523735e-04	-2.210965e-03	4.569454e-04	
8.072137e-04	8.596584e-04	3.523735e-04	1.291054e-03	-2.951371e-03	6.239262e-04	
-5.208069e-03	-5.669078e-03	-2.210965e-03	-2.951371e-03	2.028721e-02	-4.064515e-03	
1.099591e-03	1.168787e-03	4.569454e-04	6.239262e-04	-4.064515e-03	1.696785e-03	
