===== BAYENV2.0 =====

input file is set
number of populations is set
number of iterations is set
seed is set
TEST = 0 . So running matrix estimation
MCMC VER 0.71 (THREADED)
ITERATIONS = 100000
INPUT FILE = Y2017_filtered_snpsfile_8621.txt
SEED = -22234

num_alleles = 17242.000000
number of loci = 8621
VAR-COVAR MATRIX: ITER = 500
2.325451e-03	1.493621e-03	6.037525e-04	8.140016e-04	-5.264501e-03	1.015457e-03	
1.493621e-03	2.714698e-03	5.900538e-04	8.231746e-04	-5.749059e-03	1.045514e-03	
6.037525e-04	5.900538e-04	1.252426e-03	3.706884e-04	-2.333474e-03	4.248266e-04	
8.140016e-04	8.231746e-04	3.706884e-04	1.449197e-03	-3.136189e-03	5.916227e-04	
-5.264501e-03	-5.749059e-03	-2.333474e-03	-3.136189e-03	2.061664e-02	-3.875082e-03	
1.015457e-03	1.045514e-03	4.248266e-04	5.916227e-04	-3.875082e-03	1.854491e-03	

VAR-COVAR MATRIX: ITER = 1000
2.080578e-03	1.425246e-03	5.758848e-04	7.673774e-04	-4.939388e-03	9.772167e-04	
1.425246e-03	2.505007e-03	6.190030e-04	8.462844e-04	-5.616561e-03	1.078738e-03	
5.758848e-04	6.190030e-04	1.082607e-03	3.471544e-04	-2.202086e-03	4.456245e-04	
7.673774e-04	8.462844e-04	3.471544e-04	1.305761e-03	-2.990326e-03	5.807888e-04	
-4.939388e-03	-5.616561e-03	-2.202086e-03	-2.990326e-03	2.018411e-02	-3.774493e-03	
9.772167e-04	1.078738e-03	4.456245e-04	5.807888e-04	-3.774493e-03	1.611437e-03	

VAR-COVAR MATRIX: ITER = 1500
2.095266e-03	1.446160e-03	5.681216e-04	7.355033e-04	-5.058359e-03	1.019562e-03	
1.446160e-03	2.487147e-03	6.611184e-04	8.174407e-04	-5.713173e-03	1.137769e-03	
5.681216e-04	6.611184e-04	1.075788e-03	3.241309e-04	-2.244057e-03	4.544059e-04	
7.355033e-04	8.174407e-04	3.241309e-04	1.242804e-03	-2.911127e-03	5.828801e-04	
-5.058359e-03	-5.713173e-03	-2.244057e-03	-2.911127e-03	2.068115e-02	-4.056313e-03	
1.019562e-03	1.137769e-03	4.544059e-04	5.828801e-04	-4.056313e-03	1.672276e-03	

VAR-COVAR MATRIX: ITER = 2000
2.026218e-03	1.381202e-03	5.518835e-04	7.614814e-04	-4.887404e-03	9.985822e-04	
1.381202e-03	2.412754e-03	5.873987e-04	8.437394e-04	-5.480194e-03	1.120120e-03	
5.518835e-04	5.873987e-04	1.062663e-03	3.464856e-04	-2.186113e-03	4.549995e-04	
7.614814e-04	8.437394e-04	3.464856e-04	1.294104e-03	-3.036913e-03	6.465061e-04	
-4.887404e-03	-5.480194e-03	-2.186113e-03	-3.036913e-03	2.028630e-02	-3.983759e-03	
9.985822e-04	1.120120e-03	4.549995e-04	6.465061e-04	-3.983759e-03	1.661738e-03	

VAR-COVAR MATRIX: ITER = 2500
2.042619e-03	1.355964e-03	5.585918e-04	7.448622e-04	-4.856738e-03	1.007417e-03	
1.355964e-03	2.368427e-03	6.191531e-04	7.895333e-04	-5.388637e-03	1.094042e-03	
5.585918e-04	6.191531e-04	1.083520e-03	3.432457e-04	-2.277589e-03	4.901565e-04	
7.448622e-04	7.895333e-04	3.432457e-04	1.265616e-03	-2.936934e-03	6.105435e-04	
-4.856738e-03	-5.388637e-03	-2.277589e-03	-2.936934e-03	1.997956e-02	-3.994077e-03	
1.007417e-03	1.094042e-03	4.901565e-04	6.105435e-04	-3.994077e-03	1.661001e-03	

VAR-COVAR MATRIX: ITER = 3000
2.154173e-03	1.419639e-03	5.697690e-04	7.369902e-04	-5.133936e-03	1.020194e-03	
1.419639e-03	2.368360e-03	5.847087e-04	7.649556e-04	-5.488483e-03	1.093898e-03	
5.697690e-04	5.847087e-04	1.061979e-03	3.007019e-04	-2.166260e-03	4.393773e-04	
7.369902e-04	7.649556e-04	3.007019e-04	1.235917e-03	-2.861341e-03	5.746274e-04	
-5.133936e-03	-5.488483e-03	-2.166260e-03	-2.861341e-03	2.063954e-02	-3.963163e-03	
1.020194e-03	1.093898e-03	4.393773e-04	5.746274e-04	-3.963163e-03	1.631196e-03	

VAR-COVAR MATRIX: ITER = 3500
2.043090e-03	1.385123e-03	5.223135e-04	7.354516e-04	-4.895047e-03	1.047930e-03	
1.385123e-03	2.361118e-03	5.656561e-04	8.184315e-04	-5.510472e-03	1.172559e-03	
5.223135e-04	5.656561e-04	1.028961e-03	3.072729e-04	-2.046017e-03	4.309959e-04	
7.354516e-04	8.184315e-04	3.072729e-04	1.270723e-03	-3.002885e-03	6.447120e-04	
-4.895047e-03	-5.510472e-03	-2.046017e-03	-3.002885e-03	2.037016e-02	-4.169782e-03	
1.047930e-03	1.172559e-03	4.309959e-04	6.447120e-04	-4.169782e-03	1.736167e-03	

VAR-COVAR MATRIX: ITER = 4000
2.042948e-03	1.431383e-03	5.242598e-04	7.612661e-04	-4.883976e-03	1.072509e-03	
1.431383e-03	2.518810e-03	5.996638e-04	8.862405e-04	-5.697531e-03	1.244379e-03	
5.242598e-04	5.996638e-04	1.034932e-03	3.335312e-04	-2.062364e-03	4.577051e-04	
7.612661e-04	8.862405e-04	3.335312e-04	1.289294e-03	-3.050030e-03	6.733855e-04	
-4.883976e-03	-5.697531e-03	-2.062364e-03	-3.050030e-03	2.017125e-02	-4.246001e-03	
1.072509e-03	1.244379e-03	4.577051e-04	6.733855e-04	-4.246001e-03	1.770558e-03	

VAR-COVAR MATRIX: ITER = 4500
2.038302e-03	1.381677e-03	5.903330e-04	7.300865e-04	-4.898516e-03	1.013335e-03	
1.381677e-03	2.389496e-03	6.514241e-04	7.947913e-04	-5.532192e-03	1.116062e-03	
5.903330e-04	6.514241e-04	1.093429e-03	3.511398e-04	-2.279202e-03	4.659961e-04	
7.300865e-04	7.947913e-04	3.511398e-04	1.245298e-03	-2.870569e-03	5.906784e-04	
-4.898516e-03	-5.532192e-03	-2.279202e-03	-2.870569e-03	2.029096e-02	-3.968911e-03	
1.013335e-03	1.116062e-03	4.659961e-04	5.906784e-04	-3.968911e-03	1.684962e-03	

VAR-COVAR MATRIX: ITER = 5000
2.068431e-03	1.463344e-03	6.236042e-04	7.768806e-04	-4.940073e-03	1.017529e-03	
1.463344e-03	2.542301e-03	7.321615e-04	8.810463e-04	-5.804094e-03	1.174528e-03	
6.236042e-04	7.321615e-04	1.117508e-03	3.907887e-04	-2.464870e-03	5.028686e-04	
7.768806e-04	8.810463e-04	3.907887e-04	1.273157e-03	-3.055705e-03	6.196598e-04	
-4.940073e-03	-5.804094e-03	-2.464870e-03	-3.055705e-03	2.038032e-02	-3.966685e-03	
1.017529e-03	1.174528e-03	5.028686e-04	6.196598e-04	-3.966685e-03	1.683137e-03	

VAR-COVAR MATRIX: ITER = 5500
2.041639e-03	1.456622e-03	5.734645e-04	7.132033e-04	-4.966816e-03	9.781437e-04	
1.456622e-03	2.588327e-03	6.864023e-04	8.508302e-04	-5.930567e-03	1.166842e-03	
5.734645e-04	6.864023e-04	1.094852e-03	3.449755e-04	-2.307222e-03	4.703123e-04	
7.132033e-04	8.508302e-04	3.449755e-04	1.254033e-03	-2.953756e-03	5.947476e-04	
-4.966816e-03	-5.930567e-03	-2.307222e-03	-2.953756e-03	2.089465e-02	-3.983205e-03	
9.781437e-04	1.166842e-03	4.703123e-04	5.947476e-04	-3.983205e-03	1.627470e-03	

VAR-COVAR MATRIX: ITER = 6000
2.052563e-03	1.411775e-03	5.384047e-04	6.918372e-04	-4.919603e-03	9.778754e-04	
1.411775e-03	2.448880e-03	6.183250e-04	7.979439e-04	-5.675599e-03	1.116111e-03	
5.384047e-04	6.183250e-04	1.067786e-03	3.180834e-04	-2.228250e-03	4.543270e-04	
6.918372e-04	7.979439e-04	3.180834e-04	1.214852e-03	-2.735517e-03	5.362315e-04	
-4.919603e-03	-5.675599e-03	-2.228250e-03	-2.735517e-03	2.063252e-02	-3.900851e-03	
9.778754e-04	1.116111e-03	4.543270e-04	5.362315e-04	-3.900851e-03	1.628880e-03	

VAR-COVAR MATRIX: ITER = 6500
2.188427e-03	1.551187e-03	6.069878e-04	7.303434e-04	-5.197085e-03	1.090820e-03	
1.551187e-03	2.535978e-03	6.719341e-04	8.153426e-04	-5.743717e-03	1.190473e-03	
6.069878e-04	6.719341e-04	1.091448e-03	3.336351e-04	-2.289532e-03	4.970724e-04	
7.303434e-04	8.153426e-04	3.336351e-04	1.221925e-03	-2.765187e-03	5.672674e-04	
-5.197085e-03	-5.743717e-03	-2.289532e-03	-2.765187e-03	2.020958e-02	-4.023226e-03	
1.090820e-03	1.190473e-03	4.970724e-04	5.672674e-04	-4.023226e-03	1.714112e-03	

VAR-COVAR MATRIX: ITER = 7000
2.128882e-03	1.439986e-03	5.298463e-04	7.617278e-04	-5.022088e-03	1.013788e-03	
1.439986e-03	2.440482e-03	5.749561e-04	8.342249e-04	-5.581096e-03	1.097988e-03	
5.298463e-04	5.749561e-04	1.027496e-03	3.087502e-04	-2.065577e-03	4.181974e-04	
7.617278e-04	8.342249e-04	3.087502e-04	1.248829e-03	-2.902140e-03	5.786448e-04	
-5.022088e-03	-5.581096e-03	-2.065577e-03	-2.902140e-03	2.028684e-02	-3.917560e-03	
1.013788e-03	1.097988e-03	4.181974e-04	5.786448e-04	-3.917560e-03	1.645541e-03	

VAR-COVAR MATRIX: ITER = 7500
2.133275e-03	1.463292e-03	5.599587e-04	7.396894e-04	-5.046205e-03	9.731374e-04	
1.463292e-03	2.507493e-03	6.324847e-04	8.349034e-04	-5.609173e-03	1.086631e-03	
5.599587e-04	6.324847e-04	1.028620e-03	3.386106e-04	-2.124216e-03	4.273880e-04	
7.396894e-04	8.349034e-04	3.386106e-04	1.248637e-03	-2.867786e-03	5.552731e-04	
-5.046205e-03	-5.609173e-03	-2.124216e-03	-2.867786e-03	1.990066e-02	-3.761705e-03	
9.731374e-04	1.086631e-03	4.273880e-04	5.552731e-04	-3.761705e-03	1.595583e-03	

VAR-COVAR MATRIX: ITER = 8000
2.190908e-03	1.531912e-03	5.540462e-04	7.926598e-04	-5.248144e-03	1.027644e-03	
1.531912e-03	2.551312e-03	6.301217e-04	8.709523e-04	-5.828887e-03	1.122811e-03	
5.540462e-04	6.301217e-04	1.049260e-03	3.332938e-04	-2.139385e-03	3.992108e-04	
7.926598e-04	8.709523e-04	3.332938e-04	1.279605e-03	-3.031925e-03	5.917837e-04	
-5.248144e-03	-5.828887e-03	-2.139385e-03	-3.031925e-03	2.056379e-02	-3.854520e-03	
1.027644e-03	1.122811e-03	3.992108e-04	5.917837e-04	-3.854520e-03	1.609888e-03	

VAR-COVAR MATRIX: ITER = 8500
2.031759e-03	1.365366e-03	5.017281e-04	7.379909e-04	-4.871722e-03	9.445077e-04	
1.365366e-03	2.417130e-03	5.450885e-04	8.269706e-04	-5.432635e-03	1.044834e-03	
5.017281e-04	5.450885e-04	1.005982e-03	2.956045e-04	-1.964745e-03	3.907866e-04	
7.379909e-04	8.269706e-04	2.956045e-04	1.264939e-03	-2.963430e-03	5.712171e-04	
-4.871722e-03	-5.432635e-03	-1.964745e-03	-2.963430e-03	2.003162e-02	-3.709184e-03	
9.445077e-04	1.044834e-03	3.907866e-04	5.712171e-04	-3.709184e-03	1.589624e-03	

VAR-COVAR MATRIX: ITER = 9000
2.034065e-03	1.369473e-03	4.964545e-04	7.207205e-04	-4.879299e-03	9.313566e-04	
1.369473e-03	2.377087e-03	5.329125e-04	7.831872e-04	-5.497555e-03	1.031935e-03	
4.964545e-04	5.329125e-04	1.005143e-03	2.899248e-04	-1.949412e-03	3.839980e-04	
7.207205e-04	7.831872e-04	2.899248e-04	1.236311e-03	-2.913205e-03	5.571331e-04	
-4.879299e-03	-5.497555e-03	-1.949412e-03	-2.913205e-03	2.043436e-02	-3.711921e-03	
9.313566e-04	1.031935e-03	3.839980e-04	5.571331e-04	-3.711921e-03	1.590484e-03	

VAR-COVAR MATRIX: ITER = 9500
2.171493e-03	1.457926e-03	5.724222e-04	8.094407e-04	-5.185696e-03	1.078818e-03	
1.457926e-03	2.417468e-03	6.040249e-04	8.501637e-04	-5.581879e-03	1.110590e-03	
5.724222e-04	6.040249e-04	1.059356e-03	3.547323e-04	-2.183008e-03	4.553784e-04	
8.094407e-04	8.501637e-04	3.547323e-04	1.285224e-03	-3.059288e-03	6.043322e-04	
-5.185696e-03	-5.581879e-03	-2.183008e-03	-3.059288e-03	2.059273e-02	-4.038561e-03	
1.078818e-03	1.110590e-03	4.553784e-04	6.043322e-04	-4.038561e-03	1.681853e-03	

VAR-COVAR MATRIX: ITER = 10000
2.148724e-03	1.500718e-03	5.524720e-04	8.192942e-04	-5.158736e-03	1.111227e-03	
1.500718e-03	2.539235e-03	6.026287e-04	8.816055e-04	-5.706033e-03	1.211198e-03	
5.524720e-04	6.026287e-04	1.028484e-03	3.239381e-04	-2.081279e-03	4.523996e-04	
8.192942e-04	8.816055e-04	3.239381e-04	1.291405e-03	-3.017479e-03	6.383423e-04	
-5.158736e-03	-5.706033e-03	-2.081279e-03	-3.017479e-03	2.031665e-02	-4.150678e-03	
1.111227e-03	1.211198e-03	4.523996e-04	6.383423e-04	-4.150678e-03	1.725751e-03	

VAR-COVAR MATRIX: ITER = 10500
2.108882e-03	1.441361e-03	5.548967e-04	7.938796e-04	-5.040400e-03	1.045737e-03	
1.441361e-03	2.501872e-03	6.207308e-04	8.857790e-04	-5.703041e-03	1.196971e-03	
5.548967e-04	6.207308e-04	1.081577e-03	3.583818e-04	-2.204698e-03	4.707857e-04	
7.938796e-04	8.857790e-04	3.583818e-04	1.328593e-03	-3.141856e-03	6.586018e-04	
-5.040400e-03	-5.703041e-03	-2.204698e-03	-3.141856e-03	2.048220e-02	-4.147678e-03	
1.045737e-03	1.196971e-03	4.707857e-04	6.586018e-04	-4.147678e-03	1.737768e-03	

VAR-COVAR MATRIX: ITER = 11000
2.006170e-03	1.357795e-03	4.772833e-04	7.379866e-04	-4.867026e-03	9.911137e-04	
1.357795e-03	2.399296e-03	5.600960e-04	8.159389e-04	-5.588072e-03	1.102316e-03	
4.772833e-04	5.600960e-04	1.012096e-03	3.134279e-04	-2.012129e-03	4.175511e-04	
7.379866e-04	8.159389e-04	3.134279e-04	1.284561e-03	-2.975079e-03	6.034741e-04	
-4.867026e-03	-5.588072e-03	-2.012129e-03	-2.975079e-03	2.082200e-02	-4.058655e-03	
9.911137e-04	1.102316e-03	4.175511e-04	6.034741e-04	-4.058655e-03	1.667555e-03	

VAR-COVAR MATRIX: ITER = 11500
2.101998e-03	1.419752e-03	5.477961e-04	7.867070e-04	-4.877600e-03	1.057210e-03	
1.419752e-03	2.449353e-03	6.125282e-04	8.422740e-04	-5.471424e-03	1.153435e-03	
5.477961e-04	6.125282e-04	1.055200e-03	3.433450e-04	-2.103819e-03	4.530226e-04	
7.867070e-04	8.422740e-04	3.433450e-04	1.291468e-03	-2.968211e-03	6.389508e-04	
-4.877600e-03	-5.471424e-03	-2.103819e-03	-2.968211e-03	1.949828e-02	-3.983582e-03	
1.057210e-03	1.153435e-03	4.530226e-04	6.389508e-04	-3.983582e-03	1.698603e-03	

VAR-COVAR MATRIX: ITER = 12000
2.081335e-03	1.426965e-03	5.274284e-04	7.670745e-04	-4.919453e-03	1.012871e-03	
1.426965e-03	2.475351e-03	5.936745e-04	8.694778e-04	-5.553111e-03	1.128465e-03	
5.274284e-04	5.936745e-04	1.031778e-03	3.318254e-04	-2.106137e-03	4.527687e-04	
7.670745e-04	8.694778e-04	3.318254e-04	1.307538e-03	-3.001844e-03	6.208436e-04	
-4.919453e-03	-5.553111e-03	-2.106137e-03	-3.001844e-03	1.997205e-02	-3.946990e-03	
1.012871e-03	1.128465e-03	4.527687e-04	6.208436e-04	-3.946990e-03	1.694434e-03	

VAR-COVAR MATRIX: ITER = 12500
2.126486e-03	1.440219e-03	5.847639e-04	8.024626e-04	-5.105873e-03	1.067559e-03	
1.440219e-03	2.480001e-03	6.320827e-04	8.666851e-04	-5.648338e-03	1.163655e-03	
5.847639e-04	6.320827e-04	1.083594e-03	3.423548e-04	-2.252827e-03	4.805105e-04	
8.024626e-04	8.666851e-04	3.423548e-04	1.299562e-03	-3.103154e-03	6.404141e-04	
-5.105873e-03	-5.648338e-03	-2.252827e-03	-3.103154e-03	2.067681e-02	-4.164210e-03	
1.067559e-03	1.163655e-03	4.805105e-04	6.404141e-04	-4.164210e-03	1.699905e-03	

VAR-COVAR MATRIX: ITER = 13000
2.142075e-03	1.443811e-03	5.677282e-04	8.326039e-04	-5.109980e-03	1.110880e-03	
1.443811e-03	2.404663e-03	6.150519e-04	8.909927e-04	-5.546409e-03	1.184626e-03	
5.677282e-04	6.150519e-04	1.061196e-03	3.571267e-04	-2.175177e-03	4.994015e-04	
8.326039e-04	8.909927e-04	3.571267e-04	1.353811e-03	-3.201174e-03	7.126346e-04	
-5.109980e-03	-5.546409e-03	-2.175177e-03	-3.201174e-03	2.043016e-02	-4.248347e-03	
1.110880e-03	1.184626e-03	4.994015e-04	7.126346e-04	-4.248347e-03	1.784921e-03	

VAR-COVAR MATRIX: ITER = 13500
2.134205e-03	1.512019e-03	6.318131e-04	8.581292e-04	-5.072896e-03	1.093077e-03	
1.512019e-03	2.517342e-03	6.898232e-04	9.568638e-04	-5.662794e-03	1.211671e-03	
6.318131e-04	6.898232e-04	1.116403e-03	3.985981e-04	-2.325389e-03	5.037093e-04	
8.581292e-04	9.568638e-04	3.985981e-04	1.392588e-03	-3.273202e-03	7.104981e-04	
-5.072896e-03	-5.662794e-03	-2.325389e-03	-3.273202e-03	1.988317e-02	-4.126461e-03	
1.093077e-03	1.211671e-03	5.037093e-04	7.104981e-04	-4.126461e-03	1.765198e-03	

VAR-COVAR MATRIX: ITER = 14000
2.159161e-03	1.454610e-03	6.284579e-04	8.144302e-04	-5.158217e-03	1.134324e-03	
1.454610e-03	2.395418e-03	6.801359e-04	8.550189e-04	-5.611187e-03	1.197109e-03	
6.284579e-04	6.801359e-04	1.111468e-03	3.815481e-04	-2.437891e-03	5.400321e-04	
8.144302e-04	8.550189e-04	3.815481e-04	1.281666e-03	-3.123369e-03	6.846454e-04	
-5.158217e-03	-5.611187e-03	-2.437891e-03	-3.123369e-03	2.074876e-02	-4.326624e-03	
1.134324e-03	1.197109e-03	5.400321e-04	6.846454e-04	-4.326624e-03	1.794592e-03	

VAR-COVAR MATRIX: ITER = 14500
2.093224e-03	1.376732e-03	6.065360e-04	7.824867e-04	-4.972216e-03	1.072665e-03	
1.376732e-03	2.359973e-03	6.498909e-04	8.391149e-04	-5.392216e-03	1.141268e-03	
6.065360e-04	6.498909e-04	1.103256e-03	3.589715e-04	-2.393086e-03	5.015470e-04	
7.824867e-04	8.391149e-04	3.589715e-04	1.297406e-03	-3.090127e-03	6.687368e-04	
-4.972216e-03	-5.392216e-03	-2.393086e-03	-3.090127e-03	2.034474e-02	-4.206407e-03	
1.072665e-03	1.141268e-03	5.015470e-04	6.687368e-04	-4.206407e-03	1.780630e-03	

VAR-COVAR MATRIX: ITER = 15000
2.126047e-03	1.447017e-03	5.890442e-04	8.113180e-04	-4.967221e-03	1.074833e-03	
1.447017e-03	2.455986e-03	6.424196e-04	8.623254e-04	-5.537444e-03	1.164162e-03	
5.890442e-04	6.424196e-04	1.072029e-03	3.634373e-04	-2.218302e-03	4.744180e-04	
8.113180e-04	8.623254e-04	3.634373e-04	1.315794e-03	-3.062625e-03	6.447690e-04	
-4.967221e-03	-5.537444e-03	-2.218302e-03	-3.062625e-03	1.983485e-02	-4.047158e-03	
1.074833e-03	1.164162e-03	4.744180e-04	6.447690e-04	-4.047158e-03	1.721031e-03	

VAR-COVAR MATRIX: ITER = 15500
2.116631e-03	1.440264e-03	5.952739e-04	8.202187e-04	-4.991429e-03	1.075565e-03	
1.440264e-03	2.452775e-03	6.322537e-04	9.059910e-04	-5.539981e-03	1.200041e-03	
5.952739e-04	6.322537e-04	1.070555e-03	3.767597e-04	-2.225229e-03	4.747558e-04	
8.202187e-04	9.059910e-04	3.767597e-04	1.322696e-03	-3.167238e-03	6.748162e-04	
-4.991429e-03	-5.539981e-03	-2.225229e-03	-3.167238e-03	2.002798e-02	-4.134197e-03	
1.075565e-03	1.200041e-03	4.747558e-04	6.748162e-04	-4.134197e-03	1.751431e-03	

VAR-COVAR MATRIX: ITER = 16000
2.057431e-03	1.376063e-03	5.603683e-04	7.863405e-04	-4.886537e-03	1.071094e-03	
1.376063e-03	2.400256e-03	6.350511e-04	8.755047e-04	-5.525396e-03	1.179677e-03	
5.603683e-04	6.350511e-04	1.092571e-03	3.838365e-04	-2.281445e-03	5.180904e-04	
7.863405e-04	8.755047e-04	3.838365e-04	1.340074e-03	-3.162629e-03	6.797940e-04	
-4.886537e-03	-5.525396e-03	-2.281445e-03	-3.162629e-03	2.029382e-02	-4.258037e-03	
1.071094e-03	1.179677e-03	5.180904e-04	6.797940e-04	-4.258037e-03	1.826515e-03	

VAR-COVAR MATRIX: ITER = 16500
2.091232e-03	1.429421e-03	5.880765e-04	7.737898e-04	-4.963182e-03	1.038768e-03	
1.429421e-03	2.487647e-03	6.411059e-04	8.606499e-04	-5.643859e-03	1.165869e-03	
5.880765e-04	6.411059e-04	1.083618e-03	3.692873e-04	-2.288572e-03	4.955185e-04	
7.737898e-04	8.606499e-04	3.692873e-04	1.278771e-03	-3.005948e-03	6.297642e-04	
-4.963182e-03	-5.643859e-03	-2.288572e-03	-3.005948e-03	2.026533e-02	-4.010256e-03	
1.038768e-03	1.165869e-03	4.955185e-04	6.297642e-04	-4.010256e-03	1.674214e-03	

VAR-COVAR MATRIX: ITER = 17000
2.134290e-03	1.489514e-03	6.103990e-04	8.070234e-04	-5.078392e-03	1.042688e-03	
1.489514e-03	2.558515e-03	6.855315e-04	8.869269e-04	-5.710772e-03	1.185506e-03	
6.103990e-04	6.855315e-04	1.101941e-03	3.883473e-04	-2.382975e-03	5.031975e-04	
8.070234e-04	8.869269e-04	3.883473e-04	1.317464e-03	-3.069127e-03	6.568594e-04	
-5.078392e-03	-5.710772e-03	-2.382975e-03	-3.069127e-03	2.028444e-02	-4.040334e-03	
1.042688e-03	1.185506e-03	5.031975e-04	6.568594e-04	-4.040334e-03	1.666341e-03	

VAR-COVAR MATRIX: ITER = 17500
2.113129e-03	1.495214e-03	5.917046e-04	7.556807e-04	-5.022966e-03	1.051109e-03	
1.495214e-03	2.557459e-03	6.474384e-04	8.398803e-04	-5.737291e-03	1.175946e-03	
5.917046e-04	6.474384e-04	1.071603e-03	3.376232e-04	-2.224019e-03	4.663573e-04	
7.556807e-04	8.398803e-04	3.376232e-04	1.257168e-03	-2.898775e-03	5.982642e-04	
-5.022966e-03	-5.737291e-03	-2.224019e-03	-2.898775e-03	2.014160e-02	-3.972455e-03	
1.051109e-03	1.175946e-03	4.663573e-04	5.982642e-04	-3.972455e-03	1.697109e-03	

VAR-COVAR MATRIX: ITER = 18000
2.120965e-03	1.471348e-03	5.982789e-04	7.681747e-04	-5.072288e-03	1.035232e-03	
1.471348e-03	2.530880e-03	6.583725e-04	8.688872e-04	-5.746919e-03	1.145939e-03	
5.982789e-04	6.583725e-04	1.076407e-03	3.618788e-04	-2.311364e-03	4.730368e-04	
7.681747e-04	8.688872e-04	3.618788e-04	1.239889e-03	-2.965356e-03	6.061179e-04	
-5.072288e-03	-5.746919e-03	-2.311364e-03	-2.965356e-03	2.052688e-02	-3.914323e-03	
1.035232e-03	1.145939e-03	4.730368e-04	6.061179e-04	-3.914323e-03	1.627783e-03	

VAR-COVAR MATRIX: ITER = 18500
2.139779e-03	1.497391e-03	5.892876e-04	8.085927e-04	-5.021908e-03	1.046165e-03	
1.497391e-03	2.567983e-03	6.628204e-04	9.171085e-04	-5.801370e-03	1.200275e-03	
5.892876e-04	6.628204e-04	1.073350e-03	3.714084e-04	-2.231860e-03	4.781671e-04	
8.085927e-04	9.171085e-04	3.714084e-04	1.314983e-03	-3.081109e-03	6.315228e-04	
-5.021908e-03	-5.801370e-03	-2.231860e-03	-3.081109e-03	2.008919e-02	-3.973066e-03	
1.046165e-03	1.200275e-03	4.781671e-04	6.315228e-04	-3.973066e-03	1.671601e-03	

VAR-COVAR MATRIX: ITER = 19000
2.164204e-03	1.493594e-03	5.753126e-04	8.542762e-04	-5.003623e-03	1.096735e-03	
1.493594e-03	2.556489e-03	6.365709e-04	9.413021e-04	-5.659604e-03	1.200971e-03	
5.753126e-04	6.365709e-04	1.063573e-03	3.708316e-04	-2.139141e-03	4.743386e-04	
8.542762e-04	9.413021e-04	3.708316e-04	1.375301e-03	-3.166883e-03	6.743035e-04	
-5.003623e-03	-5.659604e-03	-2.139141e-03	-3.166883e-03	1.949299e-02	-4.027921e-03	
1.096735e-03	1.200971e-03	4.743386e-04	6.743035e-04	-4.027921e-03	1.736571e-03	

VAR-COVAR MATRIX: ITER = 19500
2.041381e-03	1.438947e-03	5.267089e-04	7.916272e-04	-4.932976e-03	1.007263e-03	
1.438947e-03	2.521155e-03	6.251470e-04	9.082120e-04	-5.695740e-03	1.172544e-03	
5.267089e-04	6.251470e-04	1.053770e-03	3.483419e-04	-2.144605e-03	4.541650e-04	
7.916272e-04	9.082120e-04	3.483419e-04	1.320729e-03	-3.102184e-03	6.413107e-04	
-4.932976e-03	-5.695740e-03	-2.144605e-03	-3.102184e-03	2.023625e-02	-4.003744e-03	
1.007263e-03	1.172544e-03	4.541650e-04	6.413107e-04	-4.003744e-03	1.674996e-03	

VAR-COVAR MATRIX: ITER = 20000
2.078493e-03	1.382122e-03	5.467587e-04	7.510846e-04	-5.044363e-03	1.004837e-03	
1.382122e-03	2.350086e-03	6.164467e-04	8.298559e-04	-5.558692e-03	1.087971e-03	
5.467587e-04	6.164467e-04	1.064191e-03	3.351803e-04	-2.204446e-03	4.445579e-04	
7.510846e-04	8.298559e-04	3.351803e-04	1.272087e-03	-3.053996e-03	6.002951e-04	
-5.044363e-03	-5.558692e-03	-2.204446e-03	-3.053996e-03	2.102726e-02	-3.977403e-03	
1.004837e-03	1.087971e-03	4.445579e-04	6.002951e-04	-3.977403e-03	1.638660e-03	

VAR-COVAR MATRIX: ITER = 20500
2.069675e-03	1.389332e-03	5.363883e-04	7.574708e-04	-4.939563e-03	1.027830e-03	
1.389332e-03	2.388851e-03	5.813572e-04	8.282508e-04	-5.488269e-03	1.165117e-03	
5.363883e-04	5.813572e-04	1.056764e-03	3.381119e-04	-2.097058e-03	4.421568e-04	
7.574708e-04	8.282508e-04	3.381119e-04	1.262544e-03	-2.967747e-03	6.228550e-04	
-4.939563e-03	-5.488269e-03	-2.097058e-03	-2.967747e-03	2.030144e-02	-4.066014e-03	
1.027830e-03	1.165117e-03	4.421568e-04	6.228550e-04	-4.066014e-03	1.706426e-03	

VAR-COVAR MATRIX: ITER = 21000
2.013384e-03	1.370880e-03	5.605101e-04	7.737523e-04	-4.787930e-03	1.020670e-03	
1.370880e-03	2.449017e-03	6.391814e-04	9.000667e-04	-5.567217e-03	1.180543e-03	
5.605101e-04	6.391814e-04	1.064680e-03	3.609745e-04	-2.232441e-03	4.984126e-04	
7.737523e-04	9.000667e-04	3.609745e-04	1.292740e-03	-3.100636e-03	6.746862e-04	
-4.787930e-03	-5.567217e-03	-2.232441e-03	-3.100636e-03	2.011427e-02	-4.151612e-03	
1.020670e-03	1.180543e-03	4.984126e-04	6.746862e-04	-4.151612e-03	1.749120e-03	

VAR-COVAR MATRIX: ITER = 21500
2.152168e-03	1.485204e-03	5.719520e-04	8.434716e-04	-5.071534e-03	1.118208e-03	
1.485204e-03	2.526406e-03	6.264986e-04	9.491967e-04	-5.701045e-03	1.228507e-03	
5.719520e-04	6.264986e-04	1.045603e-03	3.616219e-04	-2.151873e-03	4.841593e-04	
8.434716e-04	9.491967e-04	3.616219e-04	1.344446e-03	-3.222654e-03	7.081152e-04	
-5.071534e-03	-5.701045e-03	-2.151873e-03	-3.222654e-03	2.012679e-02	-4.206780e-03	
1.118208e-03	1.228507e-03	4.841593e-04	7.081152e-04	-4.206780e-03	1.772391e-03	

VAR-COVAR MATRIX: ITER = 22000
2.044181e-03	1.428566e-03	5.272958e-04	7.794211e-04	-4.824139e-03	1.049729e-03	
1.428566e-03	2.542994e-03	6.289017e-04	9.092286e-04	-5.690338e-03	1.230071e-03	
5.272958e-04	6.289017e-04	1.053618e-03	3.358936e-04	-2.128379e-03	4.713118e-04	
7.794211e-04	9.092286e-04	3.358936e-04	1.309889e-03	-3.048270e-03	6.600744e-04	
-4.824139e-03	-5.690338e-03	-2.128379e-03	-3.048270e-03	1.985585e-02	-4.138047e-03	
1.049729e-03	1.230071e-03	4.713118e-04	6.600744e-04	-4.138047e-03	1.771968e-03	

VAR-COVAR MATRIX: ITER = 22500
2.154933e-03	1.487887e-03	5.605893e-04	7.860127e-04	-5.056233e-03	1.103438e-03	
1.487887e-03	2.532689e-03	6.453010e-04	8.956316e-04	-5.682943e-03	1.245383e-03	
5.605893e-04	6.453010e-04	1.083726e-03	3.474850e-04	-2.199584e-03	4.788525e-04	
7.860127e-04	8.956316e-04	3.474850e-04	1.296074e-03	-3.030380e-03	6.631736e-04	
-5.056233e-03	-5.682943e-03	-2.199584e-03	-3.030380e-03	2.013550e-02	-4.194970e-03	
1.103438e-03	1.245383e-03	4.788525e-04	6.631736e-04	-4.194970e-03	1.768024e-03	

VAR-COVAR MATRIX: ITER = 23000
2.173567e-03	1.549855e-03	6.207972e-04	8.541565e-04	-5.167531e-03	1.096230e-03	
1.549855e-03	2.595118e-03	6.900005e-04	9.538970e-04	-5.813213e-03	1.222725e-03	
6.207972e-04	6.900005e-04	1.101905e-03	3.967674e-04	-2.313879e-03	4.897785e-04	
8.541565e-04	9.538970e-04	3.967674e-04	1.361136e-03	-3.220856e-03	6.987974e-04	
-5.167531e-03	-5.813213e-03	-2.313879e-03	-3.220856e-03	2.016718e-02	-4.108523e-03	
1.096230e-03	1.222725e-03	4.897785e-04	6.987974e-04	-4.108523e-03	1.739347e-03	

VAR-COVAR MATRIX: ITER = 23500
2.114680e-03	1.393780e-03	5.684713e-04	7.382422e-04	-5.030904e-03	1.045143e-03	
1.393780e-03	2.386548e-03	6.164996e-04	8.048560e-04	-5.443325e-03	1.098771e-03	
5.684713e-04	6.164996e-04	1.076846e-03	3.332499e-04	-2.213092e-03	4.482997e-04	
7.382422e-04	8.048560e-04	3.332499e-04	1.232553e-03	-2.880362e-03	5.784378e-04	
-5.030904e-03	-5.443325e-03	-2.213092e-03	-2.880362e-03	2.023800e-02	-3.977911e-03	
1.045143e-03	1.098771e-03	4.482997e-04	5.784378e-04	-3.977911e-03	1.653301e-03	

VAR-COVAR MATRIX: ITER = 24000
2.067202e-03	1.356976e-03	5.748873e-04	7.215703e-04	-4.924944e-03	9.990308e-04	
1.356976e-03	2.317794e-03	5.927483e-04	7.859018e-04	-5.322857e-03	1.054151e-03	
5.748873e-04	5.927483e-04	1.068908e-03	3.364779e-04	-2.219072e-03	4.527795e-04	
7.215703e-04	7.859018e-04	3.364779e-04	1.250448e-03	-2.809832e-03	5.680710e-04	
-4.924944e-03	-5.322857e-03	-2.219072e-03	-2.809832e-03	2.016671e-02	-3.868942e-03	
9.990308e-04	1.054151e-03	4.527795e-04	5.680710e-04	-3.868942e-03	1.648906e-03	

VAR-COVAR MATRIX: ITER = 24500
2.180612e-03	1.498237e-03	6.212282e-04	8.129813e-04	-5.239623e-03	1.062689e-03	
1.498237e-03	2.471512e-03	6.595468e-04	8.376918e-04	-5.678607e-03	1.113273e-03	
6.212282e-04	6.595468e-04	1.087698e-03	3.647640e-04	-2.330062e-03	4.819913e-04	
8.129813e-04	8.376918e-04	3.647640e-04	1.274157e-03	-2.999508e-03	6.006159e-04	
-5.239623e-03	-5.678607e-03	-2.330062e-03	-2.999508e-03	2.059748e-02	-3.997345e-03	
1.062689e-03	1.113273e-03	4.819913e-04	6.006159e-04	-3.997345e-03	1.676253e-03	

VAR-COVAR MATRIX: ITER = 25000
2.167886e-03	1.420880e-03	5.426810e-04	7.681959e-04	-5.204458e-03	1.078031e-03	
1.420880e-03	2.387549e-03	5.808457e-04	8.141701e-04	-5.559659e-03	1.119588e-03	
5.426810e-04	5.808457e-04	1.027322e-03	3.195391e-04	-2.090780e-03	4.299974e-04	
7.681959e-04	8.141701e-04	3.195391e-04	1.231605e-03	-2.945805e-03	6.179828e-04	
-5.204458e-03	-5.559659e-03	-2.090780e-03	-2.945805e-03	2.072779e-02	-4.088122e-03	
1.078031e-03	1.119588e-03	4.299974e-04	6.179828e-04	-4.088122e-03	1.705604e-03	

VAR-COVAR MATRIX: ITER = 25500
2.049605e-03	1.358967e-03	5.218281e-04	7.146190e-04	-4.797788e-03	9.689600e-04	
1.358967e-03	2.403025e-03	5.876741e-04	7.882396e-04	-5.428509e-03	1.084207e-03	
5.218281e-04	5.876741e-04	1.062711e-03	3.278076e-04	-2.084012e-03	4.396838e-04	
7.146190e-04	7.882396e-04	3.278076e-04	1.224728e-03	-2.795565e-03	5.589267e-04	
-4.797788e-03	-5.428509e-03	-2.084012e-03	-2.795565e-03	1.990961e-02	-3.846774e-03	
9.689600e-04	1.084207e-03	4.396838e-04	5.589267e-04	-3.846774e-03	1.620460e-03	

VAR-COVAR MATRIX: ITER = 26000
2.054902e-03	1.396771e-03	5.148771e-04	7.207054e-04	-4.949304e-03	1.002874e-03	
1.396771e-03	2.406319e-03	5.760133e-04	7.699011e-04	-5.469300e-03	1.077223e-03	
5.148771e-04	5.760133e-04	1.034784e-03	3.012742e-04	-2.038496e-03	4.090484e-04	
7.207054e-04	7.699011e-04	3.012742e-04	1.205580e-03	-2.784078e-03	5.479394e-04	
-4.949304e-03	-5.469300e-03	-2.038496e-03	-2.784078e-03	2.013770e-02	-3.838979e-03	
1.002874e-03	1.077223e-03	4.090484e-04	5.479394e-04	-3.838979e-03	1.625132e-03	

VAR-COVAR MATRIX: ITER = 26500
2.138604e-03	1.452399e-03	5.727792e-04	7.711221e-04	-5.072305e-03	1.056497e-03	
1.452399e-03	2.431489e-03	6.132055e-04	8.181723e-04	-5.541297e-03	1.130308e-03	
5.727792e-04	6.132055e-04	1.084504e-03	3.339615e-04	-2.182860e-03	4.437302e-04	
7.711221e-04	8.181723e-04	3.339615e-04	1.253280e-03	-2.900219e-03	5.868157e-04	
-5.072305e-03	-5.541297e-03	-2.182860e-03	-2.900219e-03	2.018191e-02	-3.972269e-03	
1.056497e-03	1.130308e-03	4.437302e-04	5.868157e-04	-3.972269e-03	1.665298e-03	

VAR-COVAR MATRIX: ITER = 27000
2.077436e-03	1.383763e-03	5.641228e-04	7.598583e-04	-4.947267e-03	1.011984e-03	
1.383763e-03	2.435931e-03	6.101706e-04	8.253196e-04	-5.485310e-03	1.114422e-03	
5.641228e-04	6.101706e-04	1.054704e-03	3.337283e-04	-2.146481e-03	4.308356e-04	
7.598583e-04	8.253196e-04	3.337283e-04	1.291850e-03	-2.970985e-03	6.061635e-04	
-4.947267e-03	-5.485310e-03	-2.146481e-03	-2.970985e-03	2.008182e-02	-3.949317e-03	
1.011984e-03	1.114422e-03	4.308356e-04	6.061635e-04	-3.949317e-03	1.701847e-03	

VAR-COVAR MATRIX: ITER = 27500
2.048109e-03	1.345527e-03	5.445095e-04	7.628944e-04	-4.942962e-03	9.680980e-04	
1.345527e-03	2.334561e-03	5.910653e-04	8.143535e-04	-5.390423e-03	1.066279e-03	
5.445095e-04	5.910653e-04	1.065793e-03	3.348295e-04	-2.173549e-03	4.502950e-04	
7.628944e-04	8.143535e-04	3.348295e-04	1.273681e-03	-3.011805e-03	5.897015e-04	
-4.942962e-03	-5.390423e-03	-2.173549e-03	-3.011805e-03	2.056568e-02	-3.944691e-03	
9.680980e-04	1.066279e-03	4.502950e-04	5.897015e-04	-3.944691e-03	1.658973e-03	

VAR-COVAR MATRIX: ITER = 28000
2.140324e-03	1.460770e-03	5.844394e-04	8.395537e-04	-5.168834e-03	1.070402e-03	
1.460770e-03	2.421386e-03	6.706609e-04	9.074078e-04	-5.689963e-03	1.189694e-03	
5.844394e-04	6.706609e-04	1.107940e-03	3.816259e-04	-2.372924e-03	4.866128e-04	
8.395537e-04	9.074078e-04	3.816259e-04	1.338884e-03	-3.282658e-03	7.016248e-04	
-5.168834e-03	-5.689963e-03	-2.372924e-03	-3.282658e-03	2.102459e-02	-4.229782e-03	
1.070402e-03	1.189694e-03	4.866128e-04	7.016248e-04	-4.229782e-03	1.731935e-03	

VAR-COVAR MATRIX: ITER = 28500
1.992860e-03	1.326273e-03	5.002794e-04	7.365253e-04	-4.694721e-03	9.491431e-04	
1.326273e-03	2.374869e-03	5.457009e-04	8.339836e-04	-5.419668e-03	1.081165e-03	
5.002794e-04	5.457009e-04	1.034186e-03	3.395592e-04	-2.024839e-03	4.100931e-04	
7.365253e-04	8.339836e-04	3.395592e-04	1.296462e-03	-3.004496e-03	6.092074e-04	
-4.694721e-03	-5.419668e-03	-2.024839e-03	-3.004496e-03	1.982978e-02	-3.819844e-03	
9.491431e-04	1.081165e-03	4.100931e-04	6.092074e-04	-3.819844e-03	1.636216e-03	

VAR-COVAR MATRIX: ITER = 29000
2.056136e-03	1.390585e-03	5.443094e-04	7.991975e-04	-4.957840e-03	9.981250e-04	
1.390585e-03	2.408952e-03	6.143719e-04	9.016413e-04	-5.577889e-03	1.092580e-03	
5.443094e-04	6.143719e-04	1.051715e-03	3.558804e-04	-2.102979e-03	4.328543e-04	
7.991975e-04	9.016413e-04	3.558804e-04	1.334643e-03	-3.246524e-03	6.375615e-04	
-4.957840e-03	-5.577889e-03	-2.102979e-03	-3.246524e-03	2.062529e-02	-3.961346e-03	
9.981250e-04	1.092580e-03	4.328543e-04	6.375615e-04	-3.961346e-03	1.641726e-03	

VAR-COVAR MATRIX: ITER = 29500
2.003466e-03	1.331795e-03	5.068551e-04	7.508233e-04	-4.935332e-03	9.502304e-04	
1.331795e-03	2.388239e-03	5.550584e-04	8.432715e-04	-5.598435e-03	1.053711e-03	
5.068551e-04	5.550584e-04	1.034712e-03	3.489938e-04	-2.104131e-03	4.047881e-04	
7.508233e-04	8.432715e-04	3.489938e-04	1.303928e-03	-3.173616e-03	6.075918e-04	
-4.935332e-03	-5.598435e-03	-2.104131e-03	-3.173616e-03	2.122224e-02	-3.911435e-03	
9.502304e-04	1.053711e-03	4.047881e-04	6.075918e-04	-3.911435e-03	1.624243e-03	

VAR-COVAR MATRIX: ITER = 30000
2.054747e-03	1.398535e-03	5.429824e-04	7.650330e-04	-4.914763e-03	9.506581e-04	
1.398535e-03	2.431949e-03	5.945047e-04	8.520215e-04	-5.556797e-03	1.070998e-03	
5.429824e-04	5.945047e-04	1.052017e-03	3.518916e-04	-2.171575e-03	4.442845e-04	
7.650330e-04	8.520215e-04	3.518916e-04	1.303775e-03	-3.072977e-03	6.071337e-04	
-4.914763e-03	-5.556797e-03	-2.171575e-03	-3.072977e-03	2.041041e-02	-3.846092e-03	
9.506581e-04	1.070998e-03	4.442845e-04	6.071337e-04	-3.846092e-03	1.626239e-03	

VAR-COVAR MATRIX: ITER = 30500
2.105116e-03	1.477052e-03	5.831779e-04	7.967641e-04	-5.032986e-03	1.001107e-03	
1.477052e-03	2.519531e-03	6.487016e-04	8.809867e-04	-5.740629e-03	1.099922e-03	
5.831779e-04	6.487016e-04	1.078259e-03	3.605485e-04	-2.258403e-03	4.437582e-04	
7.967641e-04	8.809867e-04	3.605485e-04	1.303189e-03	-3.046261e-03	6.002773e-04	
-5.032986e-03	-5.740629e-03	-2.258403e-03	-3.046261e-03	2.043475e-02	-3.866805e-03	
1.001107e-03	1.099922e-03	4.437582e-04	6.002773e-04	-3.866805e-03	1.604204e-03	

VAR-COVAR MATRIX: ITER = 31000
2.091166e-03	1.451250e-03	5.980543e-04	8.010897e-04	-4.961340e-03	1.015776e-03	
1.451250e-03	2.557927e-03	6.770445e-04	8.996110e-04	-5.668912e-03	1.128858e-03	
5.980543e-04	6.770445e-04	1.092390e-03	3.770666e-04	-2.311433e-03	4.677015e-04	
8.010897e-04	8.996110e-04	3.770666e-04	1.329233e-03	-3.084925e-03	6.282289e-04	
-4.961340e-03	-5.668912e-03	-2.311433e-03	-3.084925e-03	1.992519e-02	-3.852009e-03	
1.015776e-03	1.128858e-03	4.677015e-04	6.282289e-04	-3.852009e-03	1.628315e-03	

VAR-COVAR MATRIX: ITER = 31500
2.013370e-03	1.370122e-03	5.563622e-04	7.502186e-04	-4.882844e-03	9.688149e-04	
1.370122e-03	2.455067e-03	6.425718e-04	8.507008e-04	-5.620200e-03	1.109485e-03	
5.563622e-04	6.425718e-04	1.066385e-03	3.560959e-04	-2.257503e-03	4.560649e-04	
7.502186e-04	8.507008e-04	3.560959e-04	1.292546e-03	-3.020452e-03	5.793346e-04	
-4.882844e-03	-5.620200e-03	-2.257503e-03	-3.020452e-03	2.064329e-02	-3.908420e-03	
9.688149e-04	1.109485e-03	4.560649e-04	5.793346e-04	-3.908420e-03	1.615611e-03	

VAR-COVAR MATRIX: ITER = 32000
2.085196e-03	1.455100e-03	6.090947e-04	8.173673e-04	-4.956247e-03	1.077376e-03	
1.455100e-03	2.516351e-03	6.899781e-04	8.792854e-04	-5.634349e-03	1.205911e-03	
6.090947e-04	6.899781e-04	1.097262e-03	3.801140e-04	-2.361762e-03	5.061754e-04	
8.173673e-04	8.792854e-04	3.801140e-04	1.328479e-03	-3.126441e-03	6.774821e-04	
-4.956247e-03	-5.634349e-03	-2.361762e-03	-3.126441e-03	2.003285e-02	-4.132332e-03	
1.077376e-03	1.205911e-03	5.061754e-04	6.774821e-04	-4.132332e-03	1.749681e-03	

VAR-COVAR MATRIX: ITER = 32500
2.135825e-03	1.477391e-03	6.214343e-04	7.973314e-04	-5.049072e-03	1.128503e-03	
1.477391e-03	2.513583e-03	7.252499e-04	8.845367e-04	-5.690532e-03	1.246274e-03	
6.214343e-04	7.252499e-04	1.121587e-03	3.805128e-04	-2.466766e-03	5.460016e-04	
7.973314e-04	8.845367e-04	3.805128e-04	1.304973e-03	-3.083539e-03	6.921855e-04	
-5.049072e-03	-5.690532e-03	-2.466766e-03	-3.083539e-03	2.026045e-02	-4.314939e-03	
1.128503e-03	1.246274e-03	5.460016e-04	6.921855e-04	-4.314939e-03	1.818244e-03	

VAR-COVAR MATRIX: ITER = 33000
2.284517e-03	1.556346e-03	7.102409e-04	8.569520e-04	-5.254319e-03	1.169891e-03	
1.556346e-03	2.562471e-03	7.670747e-04	9.189937e-04	-5.725156e-03	1.249775e-03	
7.102409e-04	7.670747e-04	1.155054e-03	4.214153e-04	-2.553201e-03	5.733882e-04	
8.569520e-04	9.189937e-04	4.214153e-04	1.315306e-03	-3.152178e-03	7.024439e-04	
-5.254319e-03	-5.725156e-03	-2.553201e-03	-3.152178e-03	1.997705e-02	-4.278832e-03	
1.169891e-03	1.249775e-03	5.733882e-04	7.024439e-04	-4.278832e-03	1.796224e-03	

VAR-COVAR MATRIX: ITER = 33500
2.172592e-03	1.464419e-03	6.152099e-04	8.049864e-04	-5.193531e-03	1.127421e-03	
1.464419e-03	2.406456e-03	6.373451e-04	8.701897e-04	-5.584473e-03	1.206960e-03	
6.152099e-04	6.373451e-04	1.109542e-03	3.774900e-04	-2.307179e-03	5.335020e-04	
8.049864e-04	8.701897e-04	3.774900e-04	1.288251e-03	-3.115231e-03	7.003281e-04	
-5.193531e-03	-5.584473e-03	-2.307179e-03	-3.115231e-03	2.068592e-02	-4.319942e-03	
1.127421e-03	1.206960e-03	5.335020e-04	7.003281e-04	-4.319942e-03	1.810529e-03	

VAR-COVAR MATRIX: ITER = 34000
2.042743e-03	1.289420e-03	5.170403e-04	7.079764e-04	-4.936543e-03	1.037793e-03	
1.289420e-03	2.271871e-03	5.404846e-04	7.791655e-04	-5.363247e-03	1.100583e-03	
5.170403e-04	5.404846e-04	1.059244e-03	3.166629e-04	-2.106014e-03	4.587429e-04	
7.079764e-04	7.791655e-04	3.166629e-04	1.213569e-03	-2.934078e-03	6.173958e-04	
-4.936543e-03	-5.363247e-03	-2.106014e-03	-2.934078e-03	2.104465e-02	-4.246245e-03	
1.037793e-03	1.100583e-03	4.587429e-04	6.173958e-04	-4.246245e-03	1.754534e-03	

VAR-COVAR MATRIX: ITER = 34500
2.085888e-03	1.372836e-03	5.440911e-04	7.263293e-04	-4.961113e-03	1.051065e-03	
1.372836e-03	2.393831e-03	6.087542e-04	7.804084e-04	-5.470390e-03	1.161731e-03	
5.440911e-04	6.087542e-04	1.058201e-03	3.261101e-04	-2.191229e-03	4.759044e-04	
7.263293e-04	7.804084e-04	3.261101e-04	1.246788e-03	-2.836818e-03	6.102442e-04	
-4.961113e-03	-5.470390e-03	-2.191229e-03	-2.836818e-03	2.019999e-02	-4.173779e-03	
1.051065e-03	1.161731e-03	4.759044e-04	6.102442e-04	-4.173779e-03	1.749744e-03	

VAR-COVAR MATRIX: ITER = 35000
2.110712e-03	1.408758e-03	6.039598e-04	7.813818e-04	-4.958753e-03	1.096684e-03	
1.408758e-03	2.405794e-03	6.529765e-04	8.659231e-04	-5.447102e-03	1.189575e-03	
6.039598e-04	6.529765e-04	1.110643e-03	3.663234e-04	-2.314143e-03	5.123854e-04	
7.813818e-04	8.659231e-04	3.663234e-04	1.304930e-03	-3.048682e-03	6.642271e-04	
-4.958753e-03	-5.447102e-03	-2.314143e-03	-3.048682e-03	2.009300e-02	-4.259781e-03	
1.096684e-03	1.189575e-03	5.123854e-04	6.642271e-04	-4.259781e-03	1.797376e-03	

VAR-COVAR MATRIX: ITER = 35500
2.125000e-03	1.470378e-03	5.825765e-04	7.794282e-04	-5.088595e-03	1.083572e-03	
1.470378e-03	2.470160e-03	6.353364e-04	8.509643e-04	-5.663368e-03	1.188832e-03	
5.825765e-04	6.353364e-04	1.052481e-03	3.560965e-04	-2.252900e-03	4.755284e-04	
7.794282e-04	8.509643e-04	3.560965e-04	1.273038e-03	-2.995466e-03	6.360221e-04	
-5.088595e-03	-5.663368e-03	-2.252900e-03	-2.995466e-03	2.055862e-02	-4.195876e-03	
1.083572e-03	1.188832e-03	4.755284e-04	6.360221e-04	-4.195876e-03	1.719797e-03	

VAR-COVAR MATRIX: ITER = 36000
2.152964e-03	1.464396e-03	6.125878e-04	8.173704e-04	-5.150152e-03	1.102508e-03	
1.464396e-03	2.414699e-03	6.338808e-04	8.734602e-04	-5.574377e-03	1.173501e-03	
6.125878e-04	6.338808e-04	1.093160e-03	3.655324e-04	-2.312495e-03	5.065533e-04	
8.173704e-04	8.734602e-04	3.655324e-04	1.295716e-03	-3.051639e-03	6.522853e-04	
-5.150152e-03	-5.574377e-03	-2.312495e-03	-3.051639e-03	2.050549e-02	-4.219814e-03	
1.102508e-03	1.173501e-03	5.065533e-04	6.522853e-04	-4.219814e-03	1.770299e-03	

VAR-COVAR MATRIX: ITER = 36500
2.203160e-03	1.450407e-03	6.182029e-04	8.110615e-04	-5.074871e-03	1.126058e-03	
1.450407e-03	2.419759e-03	6.589893e-04	8.720345e-04	-5.453787e-03	1.201229e-03	
6.182029e-04	6.589893e-04	1.111045e-03	3.733691e-04	-2.321281e-03	5.341534e-04	
8.110615e-04	8.720345e-04	3.733691e-04	1.306402e-03	-3.020533e-03	6.636554e-04	
-5.074871e-03	-5.453787e-03	-2.321281e-03	-3.020533e-03	1.963632e-02	-4.181686e-03	
1.126058e-03	1.201229e-03	5.341534e-04	6.636554e-04	-4.181686e-03	1.767718e-03	

VAR-COVAR MATRIX: ITER = 37000
2.179108e-03	1.437576e-03	6.254448e-04	8.302112e-04	-5.125776e-03	1.115090e-03	
1.437576e-03	2.399797e-03	6.647565e-04	8.716177e-04	-5.480991e-03	1.160860e-03	
6.254448e-04	6.647565e-04	1.114553e-03	4.010091e-04	-2.421292e-03	5.380797e-04	
8.302112e-04	8.716177e-04	4.010091e-04	1.339517e-03	-3.166658e-03	6.952910e-04	
-5.125776e-03	-5.480991e-03	-2.421292e-03	-3.166658e-03	2.038316e-02	-4.242150e-03	
1.115090e-03	1.160860e-03	5.380797e-04	6.952910e-04	-4.242150e-03	1.750008e-03	

VAR-COVAR MATRIX: ITER = 37500
2.062974e-03	1.304726e-03	5.498434e-04	7.319860e-04	-4.897886e-03	1.022211e-03	
1.304726e-03	2.268393e-03	5.811615e-04	8.001123e-04	-5.217899e-03	1.074804e-03	
5.498434e-04	5.811615e-04	1.054933e-03	3.446693e-04	-2.181936e-03	4.579621e-04	
7.319860e-04	8.001123e-04	3.446693e-04	1.276367e-03	-3.009681e-03	6.118619e-04	
-4.897886e-03	-5.217899e-03	-2.181936e-03	-3.009681e-03	2.033037e-02	-4.058775e-03	
1.022211e-03	1.074804e-03	4.579621e-04	6.118619e-04	-4.058775e-03	1.715020e-03	

VAR-COVAR MATRIX: ITER = 38000
2.087115e-03	1.367715e-03	6.243031e-04	7.997474e-04	-5.008561e-03	1.056489e-03	
1.367715e-03	2.374478e-03	6.547024e-04	8.336766e-04	-5.459791e-03	1.135501e-03	
6.243031e-04	6.547024e-04	1.106790e-03	3.965396e-04	-2.411551e-03	5.258403e-04	
7.997474e-04	8.336766e-04	3.965396e-04	1.304656e-03	-3.106762e-03	6.464812e-04	
-5.008561e-03	-5.459791e-03	-2.411551e-03	-3.106762e-03	2.040502e-02	-4.136827e-03	
1.056489e-03	1.135501e-03	5.258403e-04	6.464812e-04	-4.136827e-03	1.738735e-03	

VAR-COVAR MATRIX: ITER = 38500
2.059380e-03	1.378018e-03	5.880394e-04	7.233534e-04	-4.946457e-03	9.890903e-04	
1.378018e-03	2.375919e-03	6.508136e-04	7.913213e-04	-5.535293e-03	1.090478e-03	
5.880394e-04	6.508136e-04	1.100341e-03	3.813505e-04	-2.396254e-03	4.749109e-04	
7.233534e-04	7.913213e-04	3.813505e-04	1.266129e-03	-2.972993e-03	5.894618e-04	
-4.946457e-03	-5.535293e-03	-2.396254e-03	-2.972993e-03	2.076305e-02	-3.962922e-03	
