7.950787e-04	8.757052e-06	8.942649e-06	4.299211e-06	-2.152329e-05	1.381912e-05	
8.757052e-06	8.031855e-04	-8.426979e-07	1.782225e-05	-2.850889e-05	1.764495e-05	
8.942649e-06	-8.426979e-07	8.126094e-04	1.309238e-05	3.091085e-06	4.736790e-06	
4.299211e-06	1.782225e-05	1.309238e-05	8.143438e-04	-7.382652e-06	3.013708e-06	
-2.152329e-05	-2.850889e-05	3.091085e-06	-7.382652e-06	8.786473e-04	4.368824e-06	
1.381912e-05	1.764495e-05	4.736790e-06	3.013708e-06	4.368824e-06	8.169594e-04	
