0.0020727157	0.0014106209	0.0005578378	0.00077081625	-0.0049591013	0.00100679957
0.0014106209	0.0024557054	0.00061417302	0.00085826144	-0.0056072754	0.0011227667
0.0005578378	0.00061417302	0.001070122	0.00035165236	-0.0021984817	0.0004477975
0.00077081625	0.00085826144	0.00035165236	0.0012977677	-0.0030444712	0.00061890637
-0.0049591013	-0.0056072754	-0.0021984817	-0.0030444712	0.020446816	-0.0039614966
0.00100679957	0.0011227667	0.0004477975	0.00061890637	-0.0039614966	0.0016577809
