===== BAYENV2.0 =====

input file is set
Sample size file is set
number of populations is set
number of iterations is set
NGS is set
seed is set
TEST = 0 . So running matrix estimation
56 72
MCMC VER 0.71 (THREADED)
ITERATIONS = 100000
INPUT FILE = Y2017_filtered_snpsfile_8621.txt
SEED = -23456

num_alleles = 17242.000000
number of loci = 8621
VAR-COVAR MATRIX: ITER = 500
3.654481e-03	5.610785e-04	3.717072e-05	2.610173e-04	-4.506761e-03	5.288643e-04	
5.610785e-04	4.284838e-03	-2.244761e-04	-1.339269e-04	-4.880886e-03	2.148005e-04	
3.717072e-05	-2.244761e-04	2.926782e-03	8.322753e-05	-1.858646e-03	8.829721e-05	
2.610173e-04	-1.339269e-04	8.322753e-05	2.898460e-03	-2.526471e-03	1.187699e-04	
-4.506761e-03	-4.880886e-03	-1.858646e-03	-2.526471e-03	1.846183e-02	-2.802390e-03	
5.288643e-04	2.148005e-04	8.829721e-05	1.187699e-04	-2.802390e-03	3.894959e-03	

VAR-COVAR MATRIX: ITER = 1000
2.567172e-03	7.573792e-04	2.080324e-04	3.553466e-04	-3.722095e-03	6.098271e-04	
7.573792e-04	3.099279e-03	1.298800e-04	2.578273e-04	-4.035201e-03	4.960246e-04	
2.080324e-04	1.298800e-04	1.947360e-03	1.532398e-04	-1.647297e-03	1.563793e-04	
3.553466e-04	2.578273e-04	1.532398e-04	1.927610e-03	-2.129606e-03	1.785864e-04	
-3.722095e-03	-4.035201e-03	-1.647297e-03	-2.129606e-03	1.493883e-02	-2.749661e-03	
6.098271e-04	4.960246e-04	1.563793e-04	1.785864e-04	-2.749661e-03	2.704176e-03	

VAR-COVAR MATRIX: ITER = 1500
2.074924e-03	7.650490e-04	2.330486e-04	3.773082e-04	-3.137962e-03	5.405458e-04	
7.650490e-04	2.380253e-03	2.355585e-04	3.265727e-04	-3.348084e-03	5.095913e-04	
2.330486e-04	2.355585e-04	1.441503e-03	1.685809e-04	-1.409433e-03	1.077979e-04	
3.773082e-04	3.265727e-04	1.685809e-04	1.500649e-03	-1.805863e-03	2.118584e-04	
-3.137962e-03	-3.348084e-03	-1.409433e-03	-1.805863e-03	1.267047e-02	-2.283794e-03	
5.405458e-04	5.095913e-04	1.077979e-04	2.118584e-04	-2.283794e-03	1.931666e-03	

VAR-COVAR MATRIX: ITER = 2000
1.720245e-03	7.069351e-04	2.582369e-04	3.588261e-04	-2.729975e-03	4.603416e-04	
7.069351e-04	1.925282e-03	2.870686e-04	3.234510e-04	-2.936427e-03	4.660740e-04	
2.582369e-04	2.870686e-04	1.210674e-03	1.513720e-04	-1.220364e-03	1.554110e-04	
3.588261e-04	3.234510e-04	1.513720e-04	1.258113e-03	-1.490451e-03	2.042159e-04	
-2.729975e-03	-2.936427e-03	-1.220364e-03	-1.490451e-03	1.124831e-02	-1.914725e-03	
4.603416e-04	4.660740e-04	1.554110e-04	2.042159e-04	-1.914725e-03	1.542216e-03	

VAR-COVAR MATRIX: ITER = 2500
1.449299e-03	5.254187e-04	1.828837e-04	2.684530e-04	-2.172382e-03	3.416282e-04	
5.254187e-04	1.611044e-03	1.807245e-04	2.366138e-04	-2.319325e-03	3.762402e-04	
1.828837e-04	1.807245e-04	1.014131e-03	8.789907e-05	-8.242599e-04	1.101883e-04	
2.684530e-04	2.366138e-04	8.789907e-05	1.115537e-03	-1.109608e-03	1.598670e-04	
-2.172382e-03	-2.319325e-03	-8.242599e-04	-1.109608e-03	9.624605e-03	-1.514727e-03	
3.416282e-04	3.762402e-04	1.101883e-04	1.598670e-04	-1.514727e-03	1.270803e-03	

VAR-COVAR MATRIX: ITER = 3000
1.243133e-03	3.984395e-04	1.290944e-04	1.903798e-04	-1.715025e-03	2.691706e-04	
3.984395e-04	1.369742e-03	1.234918e-04	1.674813e-04	-1.891124e-03	2.818563e-04	
1.290944e-04	1.234918e-04	9.126254e-04	7.026195e-05	-6.082051e-04	8.227021e-05	
1.903798e-04	1.674813e-04	7.026195e-05	9.779886e-04	-8.650930e-04	1.346079e-04	
-1.715025e-03	-1.891124e-03	-6.082051e-04	-8.650930e-04	8.457218e-03	-1.270168e-03	
2.691706e-04	2.818563e-04	8.227021e-05	1.346079e-04	-1.270168e-03	1.094677e-03	

VAR-COVAR MATRIX: ITER = 3500
1.178678e-03	3.358208e-04	1.256938e-04	1.807248e-04	-1.466670e-03	2.406605e-04	
3.358208e-04	1.298505e-03	1.218575e-04	1.511628e-04	-1.572729e-03	2.500706e-04	
1.256938e-04	1.218575e-04	8.763281e-04	5.419925e-05	-4.986514e-04	6.619590e-05	
1.807248e-04	1.511628e-04	5.419925e-05	9.299422e-04	-7.567069e-04	1.241283e-04	
-1.466670e-03	-1.572729e-03	-4.986514e-04	-7.567069e-04	7.129979e-03	-1.019643e-03	
2.406605e-04	2.500706e-04	6.619590e-05	1.241283e-04	-1.019643e-03	1.028860e-03	

VAR-COVAR MATRIX: ITER = 4000
1.079123e-03	2.635606e-04	7.255011e-05	1.275103e-04	-1.163671e-03	1.530865e-04	
2.635606e-04	1.108847e-03	7.853918e-05	1.051660e-04	-1.196862e-03	1.853907e-04	
7.255011e-05	7.853918e-05	8.483462e-04	4.183386e-05	-3.564591e-04	4.702281e-05	
1.275103e-04	1.051660e-04	4.183386e-05	8.913605e-04	-5.658871e-04	7.534252e-05	
-1.163671e-03	-1.196862e-03	-3.564591e-04	-5.658871e-04	6.025459e-03	-7.718263e-04	
1.530865e-04	1.853907e-04	4.702281e-05	7.534252e-05	-7.718263e-04	9.488936e-04	

VAR-COVAR MATRIX: ITER = 4500
1.015886e-03	2.041395e-04	7.853141e-05	9.004447e-05	-8.481918e-04	1.253195e-04	
2.041395e-04	1.035030e-03	6.609222e-05	9.270549e-05	-8.849096e-04	1.378897e-04	
7.853141e-05	6.609222e-05	8.376312e-04	3.055752e-05	-3.096691e-04	4.275028e-05	
9.004447e-05	9.270549e-05	3.055752e-05	8.183092e-04	-3.952780e-04	5.689334e-05	
-8.481918e-04	-8.849096e-04	-3.096691e-04	-3.952780e-04	4.642987e-03	-5.694414e-04	
1.253195e-04	1.378897e-04	4.275028e-05	5.689334e-05	-5.694414e-04	9.134441e-04	

VAR-COVAR MATRIX: ITER = 5000
9.675485e-04	1.681931e-04	6.195315e-05	8.703049e-05	-7.102143e-04	1.270679e-04	
1.681931e-04	9.930373e-04	5.997922e-05	8.260977e-05	-7.134127e-04	1.131408e-04	
6.195315e-05	5.997922e-05	8.080530e-04	2.187126e-05	-2.372214e-04	3.614048e-05	
8.703049e-05	8.260977e-05	2.187126e-05	8.281568e-04	-3.397903e-04	5.369425e-05	
-7.102143e-04	-7.134127e-04	-2.372214e-04	-3.397903e-04	3.868638e-03	-4.631863e-04	
1.270679e-04	1.131408e-04	3.614048e-05	5.369425e-05	-4.631863e-04	8.954189e-04	

VAR-COVAR MATRIX: ITER = 5500
9.044273e-04	1.157380e-04	2.823413e-05	5.964554e-05	-4.687235e-04	6.729984e-05	
1.157380e-04	9.239245e-04	5.772858e-05	5.803544e-05	-5.098217e-04	7.748047e-05	
2.823413e-05	5.772858e-05	8.110993e-04	2.824564e-05	-1.667806e-04	1.786360e-05	
5.964554e-05	5.803544e-05	2.824564e-05	8.255275e-04	-2.260248e-04	4.029959e-05	
-4.687235e-04	-5.098217e-04	-1.667806e-04	-2.260248e-04	2.989407e-03	-3.232513e-04	
6.729984e-05	7.748047e-05	1.786360e-05	4.029959e-05	-3.232513e-04	9.024279e-04	

VAR-COVAR MATRIX: ITER = 6000
8.689120e-04	6.862522e-05	3.297682e-05	4.861757e-05	-2.884606e-04	6.004384e-05	
6.862522e-05	8.989298e-04	3.287194e-05	5.943095e-05	-3.783822e-04	4.052802e-05	
3.297682e-05	3.287194e-05	7.936962e-04	2.750157e-05	-9.832393e-05	1.813779e-05	
4.861757e-05	5.943095e-05	2.750157e-05	8.221192e-04	-1.838182e-04	3.617019e-05	
-2.884606e-04	-3.783822e-04	-9.832393e-05	-1.838182e-04	2.257887e-03	-2.183342e-04	
6.004384e-05	4.052802e-05	1.813779e-05	3.617019e-05	-2.183342e-04	8.445643e-04	

VAR-COVAR MATRIX: ITER = 6500
8.566707e-04	7.454125e-05	1.734720e-05	3.175058e-05	-2.263675e-04	2.759948e-05	
7.454125e-05	8.837699e-04	3.018649e-05	6.070717e-05	-2.831344e-04	3.065405e-05	
1.734720e-05	3.018649e-05	8.012480e-04	1.670441e-05	-6.729557e-05	1.951756e-06	
3.175058e-05	6.070717e-05	1.670441e-05	8.391052e-04	-1.652079e-04	1.925611e-05	
-2.263675e-04	-2.831344e-04	-6.729557e-05	-1.652079e-04	1.815864e-03	-1.399680e-04	
2.759948e-05	3.065405e-05	1.951756e-06	1.925611e-05	-1.399680e-04	8.108737e-04	

VAR-COVAR MATRIX: ITER = 7000
8.370226e-04	3.910843e-05	3.501480e-06	1.295584e-05	-1.224761e-04	2.344251e-05	
3.910843e-05	8.300181e-04	1.622506e-05	2.376086e-05	-1.834794e-04	1.872893e-05	
3.501480e-06	1.622506e-05	7.985910e-04	1.113453e-05	-5.080398e-05	6.857781e-06	
1.295584e-05	2.376086e-05	1.113453e-05	7.916999e-04	-9.204141e-05	1.838265e-05	
-1.224761e-04	-1.834794e-04	-5.080398e-05	-9.204141e-05	1.450082e-03	-9.130233e-05	
2.344251e-05	1.872893e-05	6.857781e-06	1.838265e-05	-9.130233e-05	8.316918e-04	

VAR-COVAR MATRIX: ITER = 7500
8.293135e-04	2.818838e-05	1.528921e-05	1.873546e-05	-8.103052e-05	2.011732e-05	
2.818838e-05	8.261269e-04	1.639103e-05	2.157350e-05	-1.109320e-04	1.218753e-05	
1.528921e-05	1.639103e-05	7.759007e-04	5.322946e-06	-3.852731e-05	-4.441042e-06	
1.873546e-05	2.157350e-05	5.322946e-06	7.896598e-04	-6.423908e-05	6.797180e-06	
-8.103052e-05	-1.109320e-04	-3.852731e-05	-6.423908e-05	1.190795e-03	-6.743085e-05	
2.011732e-05	1.218753e-05	-4.441042e-06	6.797180e-06	-6.743085e-05	8.150819e-04	

VAR-COVAR MATRIX: ITER = 8000
8.192780e-04	1.750527e-05	1.878939e-05	1.914348e-05	-3.977702e-05	5.045603e-06	
1.750527e-05	8.166085e-04	2.586358e-05	-1.172882e-05	-8.197417e-05	5.714389e-06	
1.878939e-05	2.586358e-05	8.021409e-04	-1.782184e-06	-3.447906e-06	2.165913e-06	
1.914348e-05	-1.172882e-05	-1.782184e-06	8.029288e-04	-1.966535e-05	8.455328e-06	
-3.977702e-05	-8.197417e-05	-3.447906e-06	-1.966535e-05	1.112993e-03	-4.168357e-05	
5.045603e-06	5.714389e-06	2.165913e-06	8.455328e-06	-4.168357e-05	8.362509e-04	

VAR-COVAR MATRIX: ITER = 8500
8.200651e-04	-3.987722e-06	1.515922e-05	1.558612e-05	-4.446780e-05	9.860313e-06	
-3.987722e-06	8.062088e-04	1.583189e-05	-4.720169e-06	-6.100658e-05	-4.892197e-06	
1.515922e-05	1.583189e-05	8.004139e-04	1.119854e-05	-2.318114e-05	1.346234e-05	
1.558612e-05	-4.720169e-06	1.119854e-05	8.083782e-04	-1.314700e-05	9.111643e-06	
-4.446780e-05	-6.100658e-05	-2.318114e-05	-1.314700e-05	9.928401e-04	-3.318678e-05	
9.860313e-06	-4.892197e-06	1.346234e-05	9.111643e-06	-3.318678e-05	8.319975e-04	

VAR-COVAR MATRIX: ITER = 9000
8.022825e-04	1.397480e-05	2.113334e-05	1.939008e-05	-3.245162e-05	1.533748e-05	
1.397480e-05	8.413726e-04	1.060217e-05	6.726485e-06	-5.385384e-05	8.075159e-06	
2.113334e-05	1.060217e-05	8.110384e-04	1.029586e-05	-1.835394e-05	1.219284e-05	
1.939008e-05	6.726485e-06	1.029586e-05	7.785599e-04	7.581925e-06	1.680101e-05	
-3.245162e-05	-5.385384e-05	-1.835394e-05	7.581925e-06	9.295303e-04	-2.365179e-05	
1.533748e-05	8.075159e-06	1.219284e-05	1.680101e-05	-2.365179e-05	8.146117e-04	

VAR-COVAR MATRIX: ITER = 9500
8.278866e-04	1.210667e-05	1.672726e-05	-6.823932e-06	-2.973935e-05	5.438437e-06	
1.210667e-05	8.313368e-04	-5.002655e-06	1.692286e-05	-1.795244e-05	8.224907e-06	
1.672726e-05	-5.002655e-06	8.095206e-04	-2.485265e-06	-1.831191e-05	3.102299e-05	
-6.823932e-06	1.692286e-05	-2.485265e-06	7.896880e-04	-5.146460e-06	1.545878e-06	
-2.973935e-05	-1.795244e-05	-1.831191e-05	-5.146460e-06	9.303125e-04	-1.752422e-05	
5.438437e-06	8.224907e-06	3.102299e-05	1.545878e-06	-1.752422e-05	8.316372e-04	

VAR-COVAR MATRIX: ITER = 10000
8.147306e-04	9.380121e-06	1.241414e-05	5.146111e-06	-1.908176e-05	5.276005e-06	
9.380121e-06	8.135337e-04	-2.867771e-08	1.659002e-06	-2.021299e-05	1.696910e-05	
1.241414e-05	-2.867771e-08	8.127510e-04	-7.229874e-06	-1.054085e-05	8.692279e-06	
5.146111e-06	1.659002e-06	-7.229874e-06	8.071669e-04	-1.337663e-06	6.936778e-06	
-1.908176e-05	-2.021299e-05	-1.054085e-05	-1.337663e-06	9.232199e-04	6.712763e-06	
5.276005e-06	1.696910e-05	8.692279e-06	6.936778e-06	6.712763e-06	8.343618e-04	

VAR-COVAR MATRIX: ITER = 10500
8.064767e-04	-1.079325e-05	6.904527e-08	5.226680e-06	-1.597382e-05	3.582713e-06	
-1.079325e-05	8.091257e-04	6.885257e-06	-1.120924e-05	-1.142312e-05	1.068727e-05	
6.904527e-08	6.885257e-06	8.113889e-04	-1.129678e-05	-6.940833e-06	1.096171e-05	
5.226680e-06	-1.120924e-05	-1.129678e-05	8.007810e-04	1.702790e-06	9.713201e-06	
-1.597382e-05	-1.142312e-05	-6.940833e-06	1.702790e-06	8.894894e-04	-4.162039e-06	
3.582713e-06	1.068727e-05	1.096171e-05	9.713201e-06	-4.162039e-06	8.153737e-04	

VAR-COVAR MATRIX: ITER = 11000
8.289496e-04	2.763407e-06	4.568451e-06	1.849003e-06	-1.166231e-05	1.297807e-05	
2.763407e-06	7.802463e-04	-3.140737e-07	-1.925258e-07	-1.759190e-05	3.329282e-06	
4.568451e-06	-3.140737e-07	7.965069e-04	-5.224303e-06	1.654177e-05	1.201485e-05	
1.849003e-06	-1.925258e-07	-5.224303e-06	7.941714e-04	7.367222e-06	1.179152e-06	
-1.166231e-05	-1.759190e-05	1.654177e-05	7.367222e-06	8.531528e-04	6.830716e-06	
1.297807e-05	3.329282e-06	1.201485e-05	1.179152e-06	6.830716e-06	7.898042e-04	

VAR-COVAR MATRIX: ITER = 11500
8.213686e-04	8.609578e-06	2.356623e-05	1.885753e-06	-2.079970e-05	3.757368e-06	
8.609578e-06	8.007249e-04	1.915758e-05	7.147387e-06	-2.088545e-05	1.420087e-05	
2.356623e-05	1.915758e-05	8.070669e-04	-7.683278e-07	-9.754089e-06	9.722548e-06	
1.885753e-06	7.147387e-06	-7.683278e-07	7.973623e-04	-1.628529e-05	3.439839e-06	
-2.079970e-05	-2.088545e-05	-9.754089e-06	-1.628529e-05	8.823488e-04	-1.259493e-05	
3.757368e-06	1.420087e-05	9.722548e-06	3.439839e-06	-1.259493e-05	7.969063e-04	

VAR-COVAR MATRIX: ITER = 12000
7.909255e-04	4.753451e-06	5.293318e-07	-1.063244e-05	-5.421174e-07	-2.519730e-06	
4.753451e-06	8.083961e-04	7.187452e-06	1.741728e-05	-1.917744e-05	1.860255e-06	
5.293318e-07	7.187452e-06	8.032848e-04	2.386190e-06	-1.590405e-05	1.465209e-06	
-1.063244e-05	1.741728e-05	2.386190e-06	8.037842e-04	-9.134825e-06	-1.001129e-05	
-5.421174e-07	-1.917744e-05	-1.590405e-05	-9.134825e-06	8.752671e-04	-3.617637e-07	
-2.519730e-06	1.860255e-06	1.465209e-06	-1.001129e-05	-3.617637e-07	8.030972e-04	

VAR-COVAR MATRIX: ITER = 12500
8.110681e-04	-6.493278e-07	-2.016354e-06	1.945193e-05	-1.260143e-05	1.173699e-05	
-6.493278e-07	8.049334e-04	9.293449e-06	8.169236e-06	-1.431683e-05	1.693517e-05	
-2.016354e-06	9.293449e-06	8.077841e-04	7.770855e-06	-9.785917e-08	5.752780e-06	
1.945193e-05	8.169236e-06	7.770855e-06	7.976017e-04	-2.028602e-05	1.387594e-05	
-1.260143e-05	-1.431683e-05	-9.785917e-08	-2.028602e-05	8.727326e-04	-1.033800e-05	
1.173699e-05	1.693517e-05	5.752780e-06	1.387594e-05	-1.033800e-05	8.012895e-04	

VAR-COVAR MATRIX: ITER = 13000
8.082425e-04	3.394690e-06	2.283344e-07	1.799832e-06	-2.202990e-05	1.875301e-05	
3.394690e-06	8.108674e-04	2.739067e-06	9.202919e-06	-1.829052e-05	-1.102017e-05	
2.283344e-07	2.739067e-06	8.069228e-04	6.867917e-06	4.276527e-06	-1.838885e-05	
1.799832e-06	9.202919e-06	6.867917e-06	7.863486e-04	-1.334241e-05	-2.213010e-06	
-2.202990e-05	-1.829052e-05	4.276527e-06	-1.334241e-05	8.839814e-04	-2.664738e-05	
1.875301e-05	-1.102017e-05	-1.838885e-05	-2.213010e-06	-2.664738e-05	8.084081e-04	

VAR-COVAR MATRIX: ITER = 13500
8.189135e-04	1.017504e-05	1.064879e-05	3.098081e-06	-2.794935e-06	2.565618e-05	
1.017504e-05	7.937494e-04	1.751512e-05	4.435619e-07	-1.967845e-05	1.666978e-05	
1.064879e-05	1.751512e-05	8.014758e-04	1.677796e-05	1.653614e-05	1.767851e-06	
3.098081e-06	4.435619e-07	1.677796e-05	7.877042e-04	5.207366e-06	6.799916e-06	
-2.794935e-06	-1.967845e-05	1.653614e-05	5.207366e-06	8.719869e-04	-2.234005e-05	
2.565618e-05	1.666978e-05	1.767851e-06	6.799916e-06	-2.234005e-05	7.956737e-04	

VAR-COVAR MATRIX: ITER = 14000
8.296462e-04	6.145597e-06	-1.466028e-07	6.865191e-06	-1.180370e-05	-5.297854e-06	
6.145597e-06	8.170369e-04	-1.269118e-05	2.782717e-06	-2.436739e-05	1.412964e-05	
-1.466028e-07	-1.269118e-05	8.056726e-04	2.107448e-05	6.739898e-07	-7.224961e-06	
6.865191e-06	2.782717e-06	2.107448e-05	8.028291e-04	7.409256e-06	9.289022e-06	
-1.180370e-05	-2.436739e-05	6.739898e-07	7.409256e-06	8.702232e-04	-1.393602e-05	
-5.297854e-06	1.412964e-05	-7.224961e-06	9.289022e-06	-1.393602e-05	8.140628e-04	

VAR-COVAR MATRIX: ITER = 14500
8.196719e-04	1.286922e-05	-1.278511e-05	-9.444280e-07	-2.376366e-05	1.358944e-05	
1.286922e-05	8.096816e-04	2.250667e-06	7.636231e-06	-2.329331e-05	8.035403e-06	
-1.278511e-05	2.250667e-06	8.166734e-04	1.795902e-06	6.794405e-06	7.785195e-06	
-9.444280e-07	7.636231e-06	1.795902e-06	7.975764e-04	-9.047400e-06	1.221069e-05	
-2.376366e-05	-2.329331e-05	6.794405e-06	-9.047400e-06	8.532902e-04	-7.104929e-06	
1.358944e-05	8.035403e-06	7.785195e-06	1.221069e-05	-7.104929e-06	7.921435e-04	

VAR-COVAR MATRIX: ITER = 15000
8.029929e-04	9.099159e-06	6.974874e-07	3.861322e-07	-1.109585e-05	8.027905e-06	
9.099159e-06	8.054031e-04	-7.392807e-07	6.744001e-06	-2.030926e-05	-9.333454e-07	
6.974874e-07	-7.392807e-07	8.123854e-04	3.412358e-06	-3.600958e-07	-2.659202e-06	
3.861322e-07	6.744001e-06	3.412358e-06	8.308461e-04	-3.572618e-06	1.369015e-06	
-1.109585e-05	-2.030926e-05	-3.600958e-07	-3.572618e-06	8.817025e-04	-9.894297e-06	
8.027905e-06	-9.333454e-07	-2.659202e-06	1.369015e-06	-9.894297e-06	8.013777e-04	

VAR-COVAR MATRIX: ITER = 15500
8.045316e-04	2.959177e-05	5.522357e-06	-4.055212e-06	-1.366008e-05	4.702592e-06	
2.959177e-05	7.910765e-04	8.676522e-06	4.421738e-06	-1.320635e-05	1.080392e-05	
5.522357e-06	8.676522e-06	8.015679e-04	-9.368423e-06	1.979795e-06	5.766025e-06	
-4.055212e-06	4.421738e-06	-9.368423e-06	8.235055e-04	-2.092941e-05	1.421279e-06	
-1.366008e-05	-1.320635e-05	1.979795e-06	-2.092941e-05	8.729311e-04	-9.215292e-06	
4.702592e-06	1.080392e-05	5.766025e-06	1.421279e-06	-9.215292e-06	7.966153e-04	

VAR-COVAR MATRIX: ITER = 16000
8.025907e-04	1.676925e-05	5.050674e-06	-7.002511e-06	7.931271e-06	2.476123e-05	
1.676925e-05	8.023057e-04	7.729854e-07	-1.238609e-06	-2.510586e-05	1.159416e-05	
5.050674e-06	7.729854e-07	8.168625e-04	5.715853e-06	-8.226099e-06	1.035372e-05	
-7.002511e-06	-1.238609e-06	5.715853e-06	8.035766e-04	-4.738934e-06	-5.597131e-06	
7.931271e-06	-2.510586e-05	-8.226099e-06	-4.738934e-06	8.575761e-04	-2.943858e-06	
2.476123e-05	1.159416e-05	1.035372e-05	-5.597131e-06	-2.943858e-06	8.191082e-04	

VAR-COVAR MATRIX: ITER = 16500
8.031206e-04	1.251369e-05	-1.615608e-06	9.209275e-06	-1.409296e-05	1.921097e-06	
1.251369e-05	8.131750e-04	-7.246205e-06	1.724751e-05	-8.513601e-06	1.351169e-05	
-1.615608e-06	-7.246205e-06	7.877962e-04	1.212672e-05	-1.210740e-05	5.488676e-06	
9.209275e-06	1.724751e-05	1.212672e-05	8.050730e-04	-1.605086e-05	-1.188026e-05	
-1.409296e-05	-8.513601e-06	-1.210740e-05	-1.605086e-05	8.894232e-04	-1.463498e-05	
1.921097e-06	1.351169e-05	5.488676e-06	-1.188026e-05	-1.463498e-05	8.115472e-04	

VAR-COVAR MATRIX: ITER = 17000
8.004813e-04	2.589329e-06	-2.115549e-06	1.609613e-05	-2.793764e-05	1.496627e-05	
2.589329e-06	8.135435e-04	4.890056e-06	1.676617e-05	-3.119830e-05	1.256426e-05	
-2.115549e-06	4.890056e-06	7.805662e-04	7.505258e-07	-5.391592e-06	1.760043e-05	
1.609613e-05	1.676617e-05	7.505258e-07	7.849423e-04	-4.830514e-06	1.199114e-05	
-2.793764e-05	-3.119830e-05	-5.391592e-06	-4.830514e-06	8.786659e-04	-1.092335e-05	
1.496627e-05	1.256426e-05	1.760043e-05	1.199114e-05	-1.092335e-05	8.293119e-04	

VAR-COVAR MATRIX: ITER = 17500
7.924798e-04	2.390357e-05	-9.967403e-06	1.815197e-05	-1.886506e-05	-1.546785e-05	
2.390357e-05	8.075165e-04	6.434224e-06	4.480991e-06	-2.150206e-05	8.727415e-06	
-9.967403e-06	6.434224e-06	8.048657e-04	1.506576e-06	-1.496245e-05	1.069862e-05	
1.815197e-05	4.480991e-06	1.506576e-06	8.049772e-04	-9.209529e-06	4.347331e-06	
-1.886506e-05	-2.150206e-05	-1.496245e-05	-9.209529e-06	8.908641e-04	-9.553467e-06	
-1.546785e-05	8.727415e-06	1.069862e-05	4.347331e-06	-9.553467e-06	8.102954e-04	

VAR-COVAR MATRIX: ITER = 18000
8.012860e-04	1.504750e-05	1.384699e-06	1.035978e-05	-2.715714e-05	-4.645335e-07	
1.504750e-05	7.919497e-04	2.412457e-06	3.244292e-06	-2.436506e-05	1.517575e-07	
1.384699e-06	2.412457e-06	7.876633e-04	2.861645e-06	-1.862161e-06	1.077385e-05	
1.035978e-05	3.244292e-06	2.861645e-06	8.022271e-04	-6.954553e-06	5.021386e-06	
-2.715714e-05	-2.436506e-05	-1.862161e-06	-6.954553e-06	8.775900e-04	-1.668802e-05	
-4.645335e-07	1.517575e-07	1.077385e-05	5.021386e-06	-1.668802e-05	7.959485e-04	

VAR-COVAR MATRIX: ITER = 18500
7.984215e-04	5.514656e-06	7.433055e-06	-2.258353e-07	-4.319482e-06	3.028491e-06	
5.514656e-06	8.034592e-04	2.533136e-06	-7.152259e-06	-1.581791e-05	2.329266e-05	
7.433055e-06	2.533136e-06	7.921060e-04	-5.792053e-06	-5.757362e-06	1.642952e-05	
-2.258353e-07	-7.152259e-06	-5.792053e-06	7.978848e-04	-1.351411e-05	-1.181835e-05	
-4.319482e-06	-1.581791e-05	-5.757362e-06	-1.351411e-05	8.757515e-04	-2.440601e-05	
3.028491e-06	2.329266e-05	1.642952e-05	-1.181835e-05	-2.440601e-05	8.133665e-04	

VAR-COVAR MATRIX: ITER = 19000
8.021844e-04	9.194862e-06	-6.569875e-06	-4.696692e-06	-1.277978e-05	1.711152e-05	
9.194862e-06	8.071300e-04	-4.800230e-06	-4.031826e-06	-2.462626e-05	1.902590e-05	
-6.569875e-06	-4.800230e-06	8.004604e-04	1.780493e-05	-1.070593e-05	2.074149e-05	
-4.696692e-06	-4.031826e-06	1.780493e-05	8.028708e-04	-1.936635e-05	-6.533937e-07	
-1.277978e-05	-2.462626e-05	-1.070593e-05	-1.936635e-05	8.658366e-04	-2.349975e-05	
1.711152e-05	1.902590e-05	2.074149e-05	-6.533937e-07	-2.349975e-05	8.126464e-04	

VAR-COVAR MATRIX: ITER = 19500
8.152718e-04	1.762792e-05	4.512256e-06	2.864504e-06	-1.341455e-05	1.595186e-05	
1.762792e-05	7.987464e-04	9.792378e-06	3.801630e-06	-1.492335e-05	2.086184e-05	
4.512256e-06	9.792378e-06	8.019867e-04	1.612159e-05	1.410623e-05	3.277046e-06	
2.864504e-06	3.801630e-06	1.612159e-05	7.952204e-04	-3.486062e-06	-2.893083e-07	
-1.341455e-05	-1.492335e-05	1.410623e-05	-3.486062e-06	9.018190e-04	-2.876911e-05	
1.595186e-05	2.086184e-05	3.277046e-06	-2.893083e-07	-2.876911e-05	7.948828e-04	

VAR-COVAR MATRIX: ITER = 20000
7.937342e-04	5.784892e-07	-1.125035e-05	5.482072e-06	-2.016479e-05	1.843766e-05	
5.784892e-07	8.231142e-04	-1.172731e-06	-2.289614e-06	-2.612957e-05	1.729938e-05	
-1.125035e-05	-1.172731e-06	7.902051e-04	-7.896703e-07	-6.569311e-06	1.445542e-05	
5.482072e-06	-2.289614e-06	-7.896703e-07	8.109041e-04	-1.814728e-05	3.920820e-06	
-2.016479e-05	-2.612957e-05	-6.569311e-06	-1.814728e-05	8.675938e-04	-4.929035e-06	
1.843766e-05	1.729938e-05	1.445542e-05	3.920820e-06	-4.929035e-06	7.997650e-04	

VAR-COVAR MATRIX: ITER = 20500
8.106189e-04	1.049085e-05	4.674941e-06	1.934605e-05	-2.559878e-05	1.410099e-05	
1.049085e-05	8.065354e-04	-9.714810e-06	-1.418450e-06	-2.804248e-05	5.789312e-06	
4.674941e-06	-9.714810e-06	7.883799e-04	1.465354e-05	1.576042e-05	1.320649e-05	
1.934605e-05	-1.418450e-06	1.465354e-05	8.056655e-04	-2.606297e-06	5.297298e-06	
-2.559878e-05	-2.804248e-05	1.576042e-05	-2.606297e-06	8.785867e-04	-2.080702e-05	
1.410099e-05	5.789312e-06	1.320649e-05	5.297298e-06	-2.080702e-05	7.991196e-04	

VAR-COVAR MATRIX: ITER = 21000
8.063221e-04	3.338778e-06	3.606103e-06	8.959156e-06	-2.949614e-06	1.291644e-05	
3.338778e-06	7.811587e-04	2.031922e-05	1.645061e-05	6.203063e-07	4.474833e-07	
3.606103e-06	2.031922e-05	7.934780e-04	1.079308e-05	-1.086137e-05	1.573795e-05	
8.959156e-06	1.645061e-05	1.079308e-05	8.292625e-04	-1.831144e-05	7.928509e-06	
-2.949614e-06	6.203063e-07	-1.086137e-05	-1.831144e-05	8.600546e-04	-8.312583e-06	
1.291644e-05	4.474833e-07	1.573795e-05	7.928509e-06	-8.312583e-06	8.109760e-04	

VAR-COVAR MATRIX: ITER = 21500
7.995698e-04	1.036489e-06	7.051147e-06	1.001233e-05	-1.180500e-06	1.577421e-05	
1.036489e-06	8.051238e-04	2.479935e-05	6.862135e-06	-1.286854e-05	1.480434e-06	
7.051147e-06	2.479935e-05	8.064277e-04	5.867229e-06	-2.073166e-06	1.371271e-05	
1.001233e-05	6.862135e-06	5.867229e-06	7.988193e-04	-1.038787e-05	2.925447e-06	
-1.180500e-06	-1.286854e-05	-2.073166e-06	-1.038787e-05	8.843186e-04	-1.203900e-05	
1.577421e-05	1.480434e-06	1.371271e-05	2.925447e-06	-1.203900e-05	8.075216e-04	

VAR-COVAR MATRIX: ITER = 22000
8.000982e-04	-1.042948e-07	-1.179116e-05	1.354581e-05	-3.669639e-06	-7.635617e-06	
-1.042948e-07	7.972412e-04	1.665176e-05	1.073807e-05	1.429048e-05	-1.098703e-05	
-1.179116e-05	1.665176e-05	7.874975e-04	-1.797796e-05	-7.313313e-06	-7.272559e-06	
1.354581e-05	1.073807e-05	-1.797796e-05	8.211060e-04	-5.852386e-06	-2.252514e-06	
-3.669639e-06	1.429048e-05	-7.313313e-06	-5.852386e-06	8.812120e-04	1.765355e-06	
-7.635617e-06	-1.098703e-05	-7.272559e-06	-2.252514e-06	1.765355e-06	8.046996e-04	

VAR-COVAR MATRIX: ITER = 22500
7.898136e-04	6.997669e-06	1.224974e-05	4.643879e-06	-1.166571e-05	1.789373e-05	
6.997669e-06	7.933530e-04	-5.588576e-06	-1.282941e-06	-3.280371e-05	-1.310671e-06	
1.224974e-05	-5.588576e-06	8.151424e-04	1.488267e-05	2.031016e-06	-4.033410e-06	
4.643879e-06	-1.282941e-06	1.488267e-05	8.423975e-04	-9.983071e-06	1.537306e-05	
-1.166571e-05	-3.280371e-05	2.031016e-06	-9.983071e-06	8.976664e-04	-1.519079e-07	
1.789373e-05	-1.310671e-06	-4.033410e-06	1.537306e-05	-1.519079e-07	8.110997e-04	

VAR-COVAR MATRIX: ITER = 23000
8.084694e-04	6.477085e-07	3.136958e-06	-7.475678e-07	-1.270550e-05	5.919223e-06	
6.477085e-07	8.164890e-04	2.464514e-05	2.263738e-05	-2.402294e-05	1.520905e-05	
3.136958e-06	2.464514e-05	8.106495e-04	1.140185e-05	-4.722095e-06	1.257040e-05	
-7.475678e-07	2.263738e-05	1.140185e-05	8.106603e-04	-8.343083e-06	2.596182e-06	
-1.270550e-05	-2.402294e-05	-4.722095e-06	-8.343083e-06	8.499364e-04	-3.631948e-06	
5.919223e-06	1.520905e-05	1.257040e-05	2.596182e-06	-3.631948e-06	7.989444e-04	

VAR-COVAR MATRIX: ITER = 23500
7.831589e-04	6.365920e-06	-2.201542e-06	6.777195e-06	3.663731e-06	1.089558e-05	
6.365920e-06	7.905911e-04	-4.003191e-06	6.683369e-06	-1.484643e-05	1.160010e-05	
-2.201542e-06	-4.003191e-06	8.031926e-04	2.086376e-06	-8.378523e-06	-1.409372e-05	
6.777195e-06	6.683369e-06	2.086376e-06	8.018309e-04	-2.985231e-06	1.161498e-06	
3.663731e-06	-1.484643e-05	-8.378523e-06	-2.985231e-06	8.681843e-04	-6.589197e-06	
1.089558e-05	1.160010e-05	-1.409372e-05	1.161498e-06	-6.589197e-06	8.115137e-04	

VAR-COVAR MATRIX: ITER = 24000
8.028278e-04	5.037705e-07	5.089309e-06	-9.041111e-06	-1.396338e-05	1.483362e-05	
5.037705e-07	7.783358e-04	7.874034e-06	4.545469e-06	-2.228637e-05	1.169417e-05	
5.089309e-06	7.874034e-06	7.950243e-04	1.785910e-05	2.159357e-07	-6.252545e-06	
-9.041111e-06	4.545469e-06	1.785910e-05	7.963741e-04	-2.445423e-05	-1.093942e-06	
-1.396338e-05	-2.228637e-05	2.159357e-07	-2.445423e-05	8.921867e-04	2.894457e-06	
1.483362e-05	1.169417e-05	-6.252545e-06	-1.093942e-06	2.894457e-06	8.066606e-04	

VAR-COVAR MATRIX: ITER = 24500
8.072204e-04	1.070788e-05	7.275997e-06	-4.140992e-06	-2.053638e-05	6.382520e-06	
1.070788e-05	8.010495e-04	-3.767298e-06	2.521683e-06	-1.789947e-05	7.520517e-06	
7.275997e-06	-3.767298e-06	7.987171e-04	7.531763e-06	-1.838039e-05	-5.393441e-06	
-4.140992e-06	2.521683e-06	7.531763e-06	8.103636e-04	-1.237347e-05	9.598588e-06	
-2.053638e-05	-1.789947e-05	-1.838039e-05	-1.237347e-05	8.584118e-04	-1.059693e-05	
6.382520e-06	7.520517e-06	-5.393441e-06	9.598588e-06	-1.059693e-05	7.864705e-04	

VAR-COVAR MATRIX: ITER = 25000
8.133127e-04	5.078289e-06	7.024663e-06	-2.508023e-06	-7.171675e-06	3.372049e-07	
5.078289e-06	8.052257e-04	-8.552214e-06	5.597372e-06	-1.197892e-05	2.255852e-05	
7.024663e-06	-8.552214e-06	7.895697e-04	1.376337e-05	-1.467218e-05	1.370508e-05	
-2.508023e-06	5.597372e-06	1.376337e-05	8.014688e-04	7.980895e-07	4.272438e-07	
-7.171675e-06	-1.197892e-05	-1.467218e-05	7.980895e-07	8.813743e-04	-8.598716e-06	
3.372049e-07	2.255852e-05	1.370508e-05	4.272438e-07	-8.598716e-06	7.827940e-04	

VAR-COVAR MATRIX: ITER = 25500
8.148099e-04	-6.126207e-06	-1.188849e-06	-2.027005e-05	-1.762721e-05	1.229743e-05	
-6.126207e-06	8.060263e-04	4.616248e-06	-4.071447e-06	-7.042830e-06	7.504156e-06	
-1.188849e-06	4.616248e-06	7.940649e-04	1.324416e-05	1.276227e-06	-7.405127e-06	
-2.027005e-05	-4.071447e-06	1.324416e-05	7.746714e-04	-1.337641e-05	6.089370e-06	
-1.762721e-05	-7.042830e-06	1.276227e-06	-1.337641e-05	8.751346e-04	-5.802592e-06	
1.229743e-05	7.504156e-06	-7.405127e-06	6.089370e-06	-5.802592e-06	7.836539e-04	

VAR-COVAR MATRIX: ITER = 26000
8.138245e-04	1.410172e-05	1.001409e-05	9.966311e-06	-4.217804e-05	6.770821e-06	
1.410172e-05	8.225434e-04	2.258162e-05	1.568617e-05	-2.444742e-05	2.107192e-05	
1.001409e-05	2.258162e-05	7.818045e-04	1.233432e-05	6.785622e-06	1.330109e-05	
9.966311e-06	1.568617e-05	1.233432e-05	8.068289e-04	-6.155776e-06	1.043069e-05	
-4.217804e-05	-2.444742e-05	6.785622e-06	-6.155776e-06	8.790461e-04	-1.684246e-05	
6.770821e-06	2.107192e-05	1.330109e-05	1.043069e-05	-1.684246e-05	8.217357e-04	

VAR-COVAR MATRIX: ITER = 26500
8.001436e-04	7.847590e-06	-1.255034e-06	9.131395e-06	-2.365493e-05	6.826752e-06	
7.847590e-06	7.934653e-04	1.968061e-05	3.971648e-06	-8.843056e-06	8.745654e-06	
-1.255034e-06	1.968061e-05	8.080112e-04	4.866698e-06	-5.828696e-06	4.692031e-06	
9.131395e-06	3.971648e-06	4.866698e-06	7.933889e-04	-1.185200e-05	1.648440e-05	
-2.365493e-05	-8.843056e-06	-5.828696e-06	-1.185200e-05	8.704248e-04	-1.585810e-05	
6.826752e-06	8.745654e-06	4.692031e-06	1.648440e-05	-1.585810e-05	7.970964e-04	

VAR-COVAR MATRIX: ITER = 27000
7.986303e-04	5.918179e-06	4.122697e-06	9.392032e-06	4.121365e-06	1.756272e-05	
5.918179e-06	7.832647e-04	-4.807379e-07	1.518094e-05	-1.379916e-05	1.096791e-05	
4.122697e-06	-4.807379e-07	7.873863e-04	1.089329e-05	-9.576176e-06	-2.930905e-06	
9.392032e-06	1.518094e-05	1.089329e-05	7.947792e-04	-2.166852e-06	-2.192611e-06	
4.121365e-06	-1.379916e-05	-9.576176e-06	-2.166852e-06	8.778740e-04	-1.043958e-05	
1.756272e-05	1.096791e-05	-2.930905e-06	-2.192611e-06	-1.043958e-05	8.211329e-04	

VAR-COVAR MATRIX: ITER = 27500
7.849558e-04	1.030827e-05	7.615738e-06	4.906625e-06	-3.975648e-06	2.858285e-05	
1.030827e-05	7.863760e-04	-3.224449e-06	-8.823706e-06	-2.637638e-05	5.760842e-06	
7.615738e-06	-3.224449e-06	7.969634e-04	-1.082569e-05	8.680237e-06	6.316260e-06	
4.906625e-06	-8.823706e-06	-1.082569e-05	7.932498e-04	1.994722e-06	1.482255e-05	
-3.975648e-06	-2.637638e-05	8.680237e-06	1.994722e-06	8.709829e-04	-8.960989e-06	
2.858285e-05	5.760842e-06	6.316260e-06	1.482255e-05	-8.960989e-06	8.116052e-04	

VAR-COVAR MATRIX: ITER = 28000
8.063623e-04	5.654013e-06	-9.054310e-06	-1.317731e-06	-1.878881e-05	1.662637e-05	
5.654013e-06	7.905583e-04	1.258203e-05	1.300373e-05	-1.084943e-05	1.424612e-05	
-9.054310e-06	1.258203e-05	7.879510e-04	1.413885e-05	9.276925e-06	-1.909324e-06	
-1.317731e-06	1.300373e-05	1.413885e-05	8.084571e-04	-1.184348e-05	8.457595e-06	
-1.878881e-05	-1.084943e-05	9.276925e-06	-1.184348e-05	8.787684e-04	1.993081e-06	
1.662637e-05	1.424612e-05	-1.909324e-06	8.457595e-06	1.993081e-06	8.419926e-04	

VAR-COVAR MATRIX: ITER = 28500
8.069242e-04	1.286119e-06	-8.690264e-06	1.790914e-05	-1.769451e-05	8.924549e-06	
1.286119e-06	7.786064e-04	-5.623975e-06	-1.622060e-06	-2.273784e-05	7.251362e-06	
-8.690264e-06	-5.623975e-06	7.842535e-04	4.196836e-06	-1.446827e-06	7.149928e-06	
1.790914e-05	-1.622060e-06	4.196836e-06	7.872787e-04	-1.713600e-06	8.429529e-06	
-1.769451e-05	-2.273784e-05	-1.446827e-06	-1.713600e-06	8.734572e-04	-1.351813e-05	
8.924549e-06	7.251362e-06	7.149928e-06	8.429529e-06	-1.351813e-05	8.237080e-04	

VAR-COVAR MATRIX: ITER = 29000
7.921027e-04	8.091170e-06	6.371128e-07	-1.577058e-06	-3.415613e-05	-6.879295e-06	
8.091170e-06	8.081509e-04	4.259060e-06	-7.669646e-06	-4.959993e-06	-3.469480e-06	
6.371128e-07	4.259060e-06	8.080369e-04	1.846191e-05	-8.616356e-06	-1.006184e-05	
-1.577058e-06	-7.669646e-06	1.846191e-05	7.982740e-04	-4.441608e-06	-1.111282e-05	
-3.415613e-05	-4.959993e-06	-8.616356e-06	-4.441608e-06	8.731787e-04	-1.651082e-05	
-6.879295e-06	-3.469480e-06	-1.006184e-05	-1.111282e-05	-1.651082e-05	8.131820e-04	

VAR-COVAR MATRIX: ITER = 29500
7.923584e-04	2.477680e-06	1.578491e-06	1.463368e-07	1.419189e-06	1.369772e-05	
2.477680e-06	7.881099e-04	9.828063e-07	5.691355e-06	-2.084694e-05	8.868537e-06	
1.578491e-06	9.828063e-07	7.896813e-04	1.120874e-05	-2.370773e-06	1.729847e-05	
1.463368e-07	5.691355e-06	1.120874e-05	8.025528e-04	-9.547456e-06	2.209524e-06	
1.419189e-06	-2.084694e-05	-2.370773e-06	-9.547456e-06	8.782662e-04	-5.476374e-06	
1.369772e-05	8.868537e-06	1.729847e-05	2.209524e-06	-5.476374e-06	7.968202e-04	

VAR-COVAR MATRIX: ITER = 30000
8.242053e-04	2.030769e-05	6.694539e-06	5.847526e-06	-4.478391e-06	-9.145832e-06	
2.030769e-05	7.824452e-04	-6.353889e-07	1.808349e-05	-2.856005e-05	-4.543232e-06	
6.694539e-06	-6.353889e-07	7.936274e-04	9.841812e-06	-5.921547e-06	1.688404e-05	
5.847526e-06	1.808349e-05	9.841812e-06	8.240078e-04	-4.187292e-06	1.528268e-05	
-4.478391e-06	-2.856005e-05	-5.921547e-06	-4.187292e-06	8.669179e-04	-2.738935e-05	
-9.145832e-06	-4.543232e-06	1.688404e-05	1.528268e-05	-2.738935e-05	8.018791e-04	

VAR-COVAR MATRIX: ITER = 30500
8.063722e-04	-5.720937e-07	7.705750e-06	3.155180e-06	-2.383638e-05	-3.857375e-07	
-5.720937e-07	8.300407e-04	8.288529e-06	1.171505e-05	-2.625249e-05	1.295783e-05	
7.705750e-06	8.288529e-06	7.984462e-04	-3.165518e-06	3.213598e-06	4.164169e-06	
3.155180e-06	1.171505e-05	-3.165518e-06	7.890961e-04	-1.309266e-05	5.794794e-06	
-2.383638e-05	-2.625249e-05	3.213598e-06	-1.309266e-05	8.937755e-04	-5.175095e-06	
-3.857375e-07	1.295783e-05	4.164169e-06	5.794794e-06	-5.175095e-06	8.041769e-04	

VAR-COVAR MATRIX: ITER = 31000
8.253209e-04	-3.682029e-06	1.226854e-05	1.637368e-05	-6.430243e-06	3.400225e-06	
-3.682029e-06	8.015273e-04	-1.026453e-05	9.500675e-06	-1.838880e-05	-1.044295e-05	
1.226854e-05	-1.026453e-05	7.714417e-04	7.322382e-06	-1.391832e-05	-1.193101e-06	
1.637368e-05	9.500675e-06	7.322382e-06	8.014616e-04	-2.071833e-05	-5.822125e-06	
-6.430243e-06	-1.838880e-05	-1.391832e-05	-2.071833e-05	8.473953e-04	1.025015e-06	
3.400225e-06	-1.044295e-05	-1.193101e-06	-5.822125e-06	1.025015e-06	8.120406e-04	

VAR-COVAR MATRIX: ITER = 31500
7.960305e-04	-1.848878e-06	1.381389e-05	1.247345e-05	-2.160937e-05	4.163595e-06	
-1.848878e-06	7.982668e-04	-6.122457e-07	3.602896e-06	-2.067155e-05	1.039875e-05	
1.381389e-05	-6.122457e-07	8.049517e-04	7.925920e-06	3.303662e-06	3.196951e-06	
1.247345e-05	3.602896e-06	7.925920e-06	8.071012e-04	-2.130544e-05	1.760512e-05	
-2.160937e-05	-2.067155e-05	3.303662e-06	-2.130544e-05	8.861447e-04	-2.373743e-05	
4.163595e-06	1.039875e-05	3.196951e-06	1.760512e-05	-2.373743e-05	8.107734e-04	

VAR-COVAR MATRIX: ITER = 32000
7.906132e-04	-1.816056e-06	1.471506e-05	2.083587e-05	-2.988321e-05	7.111890e-06	
-1.816056e-06	8.171472e-04	9.118832e-06	6.836653e-06	-1.156937e-05	4.790837e-06	
1.471506e-05	9.118832e-06	7.823644e-04	4.224564e-06	-1.443037e-05	4.728020e-06	
2.083587e-05	6.836653e-06	4.224564e-06	8.104791e-04	-2.963190e-05	8.995078e-07	
-2.988321e-05	-1.156937e-05	-1.443037e-05	-2.963190e-05	8.848757e-04	1.046974e-05	
7.111890e-06	4.790837e-06	4.728020e-06	8.995078e-07	1.046974e-05	8.011994e-04	

VAR-COVAR MATRIX: ITER = 32500
7.933287e-04	4.488846e-06	8.893203e-06	1.175600e-05	-2.192188e-05	4.745268e-06	
4.488846e-06	8.281493e-04	7.210072e-06	1.711747e-06	4.107605e-06	1.133171e-06	
8.893203e-06	7.210072e-06	8.004800e-04	1.158771e-05	-1.256058e-05	4.891642e-06	
1.175600e-05	1.711747e-06	1.158771e-05	7.880801e-04	-2.549862e-05	9.818947e-06	
-2.192188e-05	4.107605e-06	-1.256058e-05	-2.549862e-05	8.744507e-04	4.705516e-06	
4.745268e-06	1.133171e-06	4.891642e-06	9.818947e-06	4.705516e-06	7.888640e-04	

VAR-COVAR MATRIX: ITER = 33000
8.181979e-04	1.818105e-05	4.110262e-06	1.769920e-05	-2.476358e-05	2.395695e-05	
1.818105e-05	8.102024e-04	-1.081719e-05	7.394245e-06	-2.117346e-05	2.089402e-05	
4.110262e-06	-1.081719e-05	7.977933e-04	5.192477e-06	1.973839e-06	2.964472e-06	
1.769920e-05	7.394245e-06	5.192477e-06	8.132606e-04	-3.113577e-06	8.494829e-06	
-2.476358e-05	-2.117346e-05	1.973839e-06	-3.113577e-06	8.905743e-04	-6.342368e-06	
2.395695e-05	2.089402e-05	2.964472e-06	8.494829e-06	-6.342368e-06	7.995306e-04	

VAR-COVAR MATRIX: ITER = 33500
8.185472e-04	1.590147e-05	2.226231e-07	1.787528e-06	-1.354503e-05	1.145627e-05	
1.590147e-05	7.871238e-04	-5.651358e-06	-4.647720e-07	-1.163098e-05	2.006384e-05	
2.226231e-07	-5.651358e-06	8.105797e-04	2.135920e-05	5.831576e-06	-2.986710e-06	
1.787528e-06	-4.647720e-07	2.135920e-05	8.075256e-04	-2.101488e-05	1.052882e-05	
-1.354503e-05	-1.163098e-05	5.831576e-06	-2.101488e-05	8.906601e-04	-1.771603e-05	
1.145627e-05	2.006384e-05	-2.986710e-06	1.052882e-05	-1.771603e-05	7.991065e-04	

VAR-COVAR MATRIX: ITER = 34000
7.906489e-04	-3.392957e-06	7.769076e-07	-1.176988e-06	-1.064981e-05	8.962936e-06	
-3.392957e-06	8.131365e-04	1.249027e-05	2.234054e-06	-1.784104e-05	8.480155e-06	
7.769076e-07	1.249027e-05	8.155883e-04	1.638603e-05	4.201792e-06	-2.449958e-06	
-1.176988e-06	2.234054e-06	1.638603e-05	7.914401e-04	-2.321120e-06	1.988522e-06	
-1.064981e-05	-1.784104e-05	4.201792e-06	-2.321120e-06	8.877739e-04	-4.074660e-06	
8.962936e-06	8.480155e-06	-2.449958e-06	1.988522e-06	-4.074660e-06	7.888277e-04	

VAR-COVAR MATRIX: ITER = 34500
7.974038e-04	9.614308e-06	3.331971e-07	6.674688e-06	-1.546911e-05	4.912309e-06	
9.614308e-06	7.958358e-04	2.145841e-07	1.198366e-05	-8.551903e-06	-1.207438e-05	
3.331971e-07	2.145841e-07	8.009434e-04	1.172214e-05	-1.258184e-05	1.901836e-05	
6.674688e-06	1.198366e-05	1.172214e-05	8.010874e-04	1.238166e-06	6.451330e-06	
-1.546911e-05	-8.551903e-06	-1.258184e-05	1.238166e-06	8.712597e-04	7.511567e-06	
4.912309e-06	-1.207438e-05	1.901836e-05	6.451330e-06	7.511567e-06	7.935306e-04	

VAR-COVAR MATRIX: ITER = 35000
7.926183e-04	-4.458945e-07	2.023789e-07	1.738931e-07	-2.741830e-05	1.135174e-05	
-4.458945e-07	8.251216e-04	2.148870e-07	3.778862e-06	-2.480725e-05	9.459747e-06	
2.023789e-07	2.148870e-07	8.006973e-04	1.110761e-05	-1.143005e-05	1.525236e-05	
1.738931e-07	3.778862e-06	1.110761e-05	7.966795e-04	1.571827e-06	-2.621757e-06	
-2.741830e-05	-2.480725e-05	-1.143005e-05	1.571827e-06	8.558176e-04	4.760946e-06	
1.135174e-05	9.459747e-06	1.525236e-05	-2.621757e-06	4.760946e-06	8.027661e-04	

VAR-COVAR MATRIX: ITER = 35500
7.927650e-04	1.064402e-05	1.615464e-05	2.402192e-07	-1.201327e-05	-1.089493e-05	
1.064402e-05	8.245408e-04	1.463910e-05	8.169934e-06	-3.801369e-05	7.641656e-06	
1.615464e-05	1.463910e-05	8.207086e-04	1.151313e-05	-7.050037e-06	1.904816e-05	
2.402192e-07	8.169934e-06	1.151313e-05	7.932033e-04	-8.035111e-06	1.093985e-05	
-1.201327e-05	-3.801369e-05	-7.050037e-06	-8.035111e-06	8.564168e-04	-4.175929e-06	
-1.089493e-05	7.641656e-06	1.904816e-05	1.093985e-05	-4.175929e-06	7.961239e-04	

VAR-COVAR MATRIX: ITER = 36000
7.867392e-04	-2.825472e-06	-2.519247e-06	1.392559e-05	-1.182460e-06	2.404765e-06	
-2.825472e-06	7.947956e-04	4.544929e-06	-7.858116e-06	-3.182800e-05	6.346306e-06	
-2.519247e-06	4.544929e-06	8.045513e-04	3.611227e-06	8.185611e-07	-3.404127e-06	
1.392559e-05	-7.858116e-06	3.611227e-06	7.970821e-04	-1.413111e-06	1.809200e-05	
-1.182460e-06	-3.182800e-05	8.185611e-07	-1.413111e-06	8.599013e-04	-7.467265e-06	
2.404765e-06	6.346306e-06	-3.404127e-06	1.809200e-05	-7.467265e-06	7.893536e-04	

VAR-COVAR MATRIX: ITER = 36500
8.077378e-04	1.941542e-05	2.186201e-06	1.405698e-06	4.410122e-06	-7.551834e-06	
1.941542e-05	7.988628e-04	6.052506e-06	-3.150802e-06	-1.232586e-05	7.550589e-06	
2.186201e-06	6.052506e-06	8.003766e-04	-2.919352e-06	7.939316e-06	3.973112e-06	
1.405698e-06	-3.150802e-06	-2.919352e-06	7.959175e-04	4.819037e-06	3.106449e-06	
4.410122e-06	-1.232586e-05	7.939316e-06	4.819037e-06	8.465634e-04	-1.300891e-05	
-7.551834e-06	7.550589e-06	3.973112e-06	3.106449e-06	-1.300891e-05	8.003539e-04	

VAR-COVAR MATRIX: ITER = 37000
8.029504e-04	4.392145e-06	-4.300937e-06	6.044987e-06	5.854032e-07	1.225374e-05	
4.392145e-06	7.947625e-04	-1.078385e-05	1.280971e-06	-7.620236e-07	-1.847717e-06	
-4.300937e-06	-1.078385e-05	7.970254e-04	1.361865e-05	-9.287126e-06	1.155090e-05	
6.044987e-06	1.280971e-06	1.361865e-05	7.820879e-04	-1.137893e-05	5.778156e-06	
5.854032e-07	-7.620236e-07	-9.287126e-06	-1.137893e-05	8.683393e-04	-7.318278e-06	
1.225374e-05	-1.847717e-06	1.155090e-05	5.778156e-06	-7.318278e-06	8.139451e-04	

VAR-COVAR MATRIX: ITER = 37500
7.714910e-04	1.448940e-05	-7.716451e-07	2.499578e-05	-1.672594e-05	-2.822338e-06	
1.448940e-05	7.915777e-04	8.539264e-06	7.366582e-06	-1.382135e-05	-3.135365e-06	
-7.716451e-07	8.539264e-06	8.125577e-04	2.457117e-05	-7.615587e-06	4.809950e-06	
2.499578e-05	7.366582e-06	2.457117e-05	7.968386e-04	-9.029332e-07	9.027391e-06	
-1.672594e-05	-1.382135e-05	-7.615587e-06	-9.029332e-07	8.539820e-04	-2.382709e-05	
-2.822338e-06	-3.135365e-06	4.809950e-06	9.027391e-06	-2.382709e-05	7.877253e-04	

VAR-COVAR MATRIX: ITER = 38000
7.931169e-04	3.576997e-06	4.229685e-06	4.860512e-07	-7.873262e-06	4.441950e-06	
3.576997e-06	7.950559e-04	1.394882e-05	6.330299e-06	-1.709394e-05	1.586791e-05	
4.229685e-06	1.394882e-05	7.938835e-04	1.463805e-06	-2.216893e-05	-2.817687e-06	
4.860512e-07	6.330299e-06	1.463805e-06	8.075033e-04	7.854847e-06	1.720438e-05	
-7.873262e-06	-1.709394e-05	-2.216893e-05	7.854847e-06	8.670591e-04	-6.217694e-06	
4.441950e-06	1.586791e-05	-2.817687e-06	1.720438e-05	-6.217694e-06	7.992173e-04	

VAR-COVAR MATRIX: ITER = 38500
7.954970e-04	-2.245780e-06	-2.305542e-06	-6.443874e-06	-1.476412e-05	3.780940e-06	
-2.245780e-06	8.052524e-04	1.276144e-05	8.106522e-06	-3.820929e-06	1.253095e-05	
