===== BAYENV2.0 =====

input file is set
number of populations is set
number of iterations is set
seed is set
TEST = 0 . So running matrix estimation
MCMC VER 0.71 (THREADED)
ITERATIONS = 200000
INPUT FILE = Y2017_filtered_snpsfile_8621.txt
SEED = -11234

num_alleles = 17242.000000
number of loci = 8621
VAR-COVAR MATRIX: ITER = 500
2.176530e-03	1.280668e-03	4.610983e-04	7.272858e-04	-4.982444e-03	8.405151e-04	
1.280668e-03	2.469832e-03	4.195941e-04	7.298695e-04	-5.357753e-03	8.107005e-04	
4.610983e-04	4.195941e-04	1.162345e-03	3.152718e-04	-2.030858e-03	3.315873e-04	
7.272858e-04	7.298695e-04	3.152718e-04	1.425169e-03	-3.076759e-03	4.916650e-04	
-4.982444e-03	-5.357753e-03	-2.030858e-03	-3.076759e-03	2.110532e-02	-3.487421e-03	
8.405151e-04	8.107005e-04	3.315873e-04	4.916650e-04	-3.487421e-03	1.669570e-03	

VAR-COVAR MATRIX: ITER = 1000
2.104380e-03	1.422157e-03	5.409951e-04	8.224591e-04	-5.051905e-03	9.614854e-04	
1.422157e-03	2.466645e-03	5.962717e-04	8.869658e-04	-5.600483e-03	1.052166e-03	
5.409951e-04	5.962717e-04	1.075866e-03	3.456988e-04	-2.126875e-03	4.312297e-04	
8.224591e-04	8.869658e-04	3.456988e-04	1.342611e-03	-3.170847e-03	5.921699e-04	
-5.051905e-03	-5.600483e-03	-2.126875e-03	-3.170847e-03	2.046708e-02	-3.744241e-03	
9.614854e-04	1.052166e-03	4.312297e-04	5.921699e-04	-3.744241e-03	1.586384e-03	

VAR-COVAR MATRIX: ITER = 1500
2.079380e-03	1.374207e-03	5.020968e-04	7.497730e-04	-4.923325e-03	9.801006e-04	
1.374207e-03	2.401691e-03	5.560396e-04	8.262257e-04	-5.506199e-03	1.064188e-03	
5.020968e-04	5.560396e-04	1.043553e-03	2.990874e-04	-2.004167e-03	3.925566e-04	
7.497730e-04	8.262257e-04	2.990874e-04	1.280442e-03	-2.965359e-03	5.759650e-04	
-4.923325e-03	-5.506199e-03	-2.004167e-03	-2.965359e-03	2.048855e-02	-3.849352e-03	
9.801006e-04	1.064188e-03	3.925566e-04	5.759650e-04	-3.849352e-03	1.600176e-03	

VAR-COVAR MATRIX: ITER = 2000
2.120168e-03	1.463016e-03	5.644857e-04	7.919795e-04	-4.985408e-03	1.006651e-03	
1.463016e-03	2.527434e-03	6.440761e-04	8.754616e-04	-5.692723e-03	1.124840e-03	
5.644857e-04	6.440761e-04	1.074238e-03	3.290657e-04	-2.164019e-03	4.536200e-04	
7.919795e-04	8.754616e-04	3.290657e-04	1.283704e-03	-3.025747e-03	5.848919e-04	
-4.985408e-03	-5.692723e-03	-2.164019e-03	-3.025747e-03	2.010738e-02	-3.860471e-03	
1.006651e-03	1.124840e-03	4.536200e-04	5.848919e-04	-3.860471e-03	1.656114e-03	

VAR-COVAR MATRIX: ITER = 2500
2.035640e-03	1.384609e-03	5.341115e-04	6.828018e-04	-4.903840e-03	9.979676e-04	
1.384609e-03	2.450721e-03	6.013011e-04	7.640033e-04	-5.608971e-03	1.126008e-03	
5.341115e-04	6.013011e-04	1.048376e-03	2.971929e-04	-2.130072e-03	4.307841e-04	
6.828018e-04	7.640033e-04	2.971929e-04	1.197878e-03	-2.693984e-03	5.464907e-04	
-4.903840e-03	-5.608971e-03	-2.130072e-03	-2.693984e-03	2.045594e-02	-3.976445e-03	
9.979676e-04	1.126008e-03	4.307841e-04	5.464907e-04	-3.976445e-03	1.665316e-03	

VAR-COVAR MATRIX: ITER = 3000
2.116828e-03	1.498173e-03	6.354409e-04	7.992983e-04	-5.037407e-03	1.071595e-03	
1.498173e-03	2.584589e-03	7.046836e-04	9.082187e-04	-5.773736e-03	1.201260e-03	
6.354409e-04	7.046836e-04	1.111201e-03	3.872767e-04	-2.374217e-03	5.136922e-04	
7.992983e-04	9.082187e-04	3.872767e-04	1.298842e-03	-3.066992e-03	6.420596e-04	
-5.037407e-03	-5.773736e-03	-2.374217e-03	-3.066992e-03	2.019064e-02	-4.038138e-03	
1.071595e-03	1.201260e-03	5.136922e-04	6.420596e-04	-4.038138e-03	1.705398e-03	

VAR-COVAR MATRIX: ITER = 3500
2.166272e-03	1.513833e-03	5.932625e-04	7.786134e-04	-5.067523e-03	1.024614e-03	
1.513833e-03	2.547392e-03	6.635745e-04	8.819775e-04	-5.650185e-03	1.132425e-03	
5.932625e-04	6.635745e-04	1.096966e-03	3.721426e-04	-2.222863e-03	4.604090e-04	
7.786134e-04	8.819775e-04	3.721426e-04	1.279533e-03	-2.949829e-03	5.902317e-04	
-5.067523e-03	-5.650185e-03	-2.222863e-03	-2.949829e-03	1.962476e-02	-3.811532e-03	
1.024614e-03	1.132425e-03	4.604090e-04	5.902317e-04	-3.811532e-03	1.610884e-03	

VAR-COVAR MATRIX: ITER = 4000
2.059513e-03	1.443826e-03	5.666344e-04	7.315123e-04	-4.900569e-03	9.676892e-04	
1.443826e-03	2.540585e-03	6.686375e-04	8.409672e-04	-5.666888e-03	1.111465e-03	
5.666344e-04	6.686375e-04	1.085033e-03	3.517039e-04	-2.235812e-03	4.524526e-04	
7.315123e-04	8.409672e-04	3.517039e-04	1.245093e-03	-2.847501e-03	5.644009e-04	
-4.900569e-03	-5.666888e-03	-2.235812e-03	-2.847501e-03	2.004937e-02	-3.786861e-03	
9.676892e-04	1.111465e-03	4.524526e-04	5.644009e-04	-3.786861e-03	1.615589e-03	

VAR-COVAR MATRIX: ITER = 4500
2.191855e-03	1.563393e-03	6.654416e-04	8.137245e-04	-5.144330e-03	1.067980e-03	
1.563393e-03	2.676218e-03	7.701298e-04	9.026878e-04	-5.944864e-03	1.213904e-03	
6.654416e-04	7.701298e-04	1.145377e-03	3.815225e-04	-2.507930e-03	5.188332e-04	
8.137245e-04	9.026878e-04	3.815225e-04	1.300951e-03	-3.043403e-03	6.187726e-04	
-5.144330e-03	-5.944864e-03	-2.507930e-03	-3.043403e-03	2.038484e-02	-4.038667e-03	
1.067980e-03	1.213904e-03	5.188332e-04	6.187726e-04	-4.038667e-03	1.685656e-03	

VAR-COVAR MATRIX: ITER = 5000
2.049700e-03	1.383225e-03	5.408638e-04	7.202891e-04	-4.820529e-03	9.116772e-04	
1.383225e-03	2.425641e-03	6.233534e-04	7.838132e-04	-5.505121e-03	1.045644e-03	
5.408638e-04	6.233534e-04	1.061738e-03	3.361686e-04	-2.212095e-03	4.393540e-04	
7.202891e-04	7.838132e-04	3.361686e-04	1.226941e-03	-2.837989e-03	5.518524e-04	
-4.820529e-03	-5.505121e-03	-2.212095e-03	-2.837989e-03	2.000702e-02	-3.688007e-03	
9.116772e-04	1.045644e-03	4.393540e-04	5.518524e-04	-3.688007e-03	1.561194e-03	

VAR-COVAR MATRIX: ITER = 5500
2.089918e-03	1.428578e-03	6.039453e-04	7.782364e-04	-4.956621e-03	1.026939e-03	
1.428578e-03	2.457158e-03	6.723093e-04	8.747656e-04	-5.593890e-03	1.117956e-03	
6.039453e-04	6.723093e-04	1.111939e-03	3.757674e-04	-2.354442e-03	4.881011e-04	
7.782364e-04	8.747656e-04	3.757674e-04	1.292383e-03	-3.058907e-03	6.210696e-04	
-4.956621e-03	-5.593890e-03	-2.354442e-03	-3.058907e-03	2.001240e-02	-3.913728e-03	
1.026939e-03	1.117956e-03	4.881011e-04	6.210696e-04	-3.913728e-03	1.646288e-03	

VAR-COVAR MATRIX: ITER = 6000
2.140372e-03	1.438115e-03	5.771709e-04	7.737168e-04	-5.068158e-03	1.071865e-03	
1.438115e-03	2.426672e-03	6.160011e-04	8.367497e-04	-5.537519e-03	1.145270e-03	
5.771709e-04	6.160011e-04	1.048975e-03	3.401917e-04	-2.179216e-03	4.554662e-04	
7.737168e-04	8.367497e-04	3.401917e-04	1.305248e-03	-3.009066e-03	6.211483e-04	
-5.068158e-03	-5.537519e-03	-2.179216e-03	-3.009066e-03	2.034036e-02	-4.068000e-03	
1.071865e-03	1.145270e-03	4.554662e-04	6.211483e-04	-4.068000e-03	1.705512e-03	

VAR-COVAR MATRIX: ITER = 6500
2.045670e-03	1.351390e-03	5.047595e-04	7.101536e-04	-4.961629e-03	1.005218e-03	
1.351390e-03	2.330763e-03	5.462654e-04	7.585078e-04	-5.384202e-03	1.065745e-03	
5.047595e-04	5.462654e-04	1.036958e-03	3.086198e-04	-1.986777e-03	4.101827e-04	
7.101536e-04	7.585078e-04	3.086198e-04	1.236798e-03	-2.837481e-03	5.612626e-04	
-4.961629e-03	-5.384202e-03	-1.986777e-03	-2.837481e-03	2.042139e-02	-3.903099e-03	
1.005218e-03	1.065745e-03	4.101827e-04	5.612626e-04	-3.903099e-03	1.629597e-03	

VAR-COVAR MATRIX: ITER = 7000
2.008625e-03	1.356713e-03	5.755180e-04	7.175620e-04	-4.846236e-03	1.010702e-03	
1.356713e-03	2.372329e-03	6.316687e-04	8.127370e-04	-5.437391e-03	1.109177e-03	
5.755180e-04	6.316687e-04	1.091732e-03	3.369952e-04	-2.229859e-03	4.611300e-04	
7.175620e-04	8.127370e-04	3.369952e-04	1.254043e-03	-2.882508e-03	6.166761e-04	
-4.846236e-03	-5.437391e-03	-2.229859e-03	-2.882508e-03	2.030451e-02	-3.989818e-03	
1.010702e-03	1.109177e-03	4.611300e-04	6.166761e-04	-3.989818e-03	1.656899e-03	

VAR-COVAR MATRIX: ITER = 7500
1.986163e-03	1.293111e-03	5.851493e-04	7.036562e-04	-4.765338e-03	9.862762e-04	
1.293111e-03	2.336069e-03	6.293439e-04	7.852356e-04	-5.354321e-03	1.093675e-03	
5.851493e-04	6.293439e-04	1.092684e-03	3.482856e-04	-2.333488e-03	4.965559e-04	
7.036562e-04	7.852356e-04	3.482856e-04	1.232560e-03	-2.874467e-03	6.068883e-04	
-4.765338e-03	-5.354321e-03	-2.333488e-03	-2.874467e-03	2.020168e-02	-4.016199e-03	
9.862762e-04	1.093675e-03	4.965559e-04	6.068883e-04	-4.016199e-03	1.679820e-03	

VAR-COVAR MATRIX: ITER = 8000
2.113963e-03	1.406182e-03	5.740513e-04	7.828803e-04	-5.070101e-03	1.077172e-03	
1.406182e-03	2.427521e-03	5.936023e-04	8.439879e-04	-5.516588e-03	1.159567e-03	
5.740513e-04	5.936023e-04	1.059687e-03	3.422605e-04	-2.199608e-03	4.617683e-04	
7.828803e-04	8.439879e-04	3.422605e-04	1.283780e-03	-3.033280e-03	6.613988e-04	
-5.070101e-03	-5.516588e-03	-2.199608e-03	-3.033280e-03	2.051189e-02	-4.155084e-03	
1.077172e-03	1.159567e-03	4.617683e-04	6.613988e-04	-4.155084e-03	1.764276e-03	

VAR-COVAR MATRIX: ITER = 8500
2.091923e-03	1.429184e-03	5.761540e-04	8.027508e-04	-5.033926e-03	1.053399e-03	
1.429184e-03	2.458037e-03	6.320634e-04	9.088325e-04	-5.676388e-03	1.172879e-03	
5.761540e-04	6.320634e-04	1.082516e-03	3.763288e-04	-2.276345e-03	4.893258e-04	
8.027508e-04	9.088325e-04	3.763288e-04	1.340517e-03	-3.205075e-03	6.773913e-04	
-5.033926e-03	-5.676388e-03	-2.276345e-03	-3.205075e-03	2.076174e-02	-4.186648e-03	
1.053399e-03	1.172879e-03	4.893258e-04	6.773913e-04	-4.186648e-03	1.740951e-03	

VAR-COVAR MATRIX: ITER = 9000
2.022562e-03	1.355788e-03	5.409004e-04	8.091724e-04	-4.919746e-03	1.005599e-03	
1.355788e-03	2.390935e-03	5.984581e-04	8.970106e-04	-5.501527e-03	1.114849e-03	
5.409004e-04	5.984581e-04	1.035450e-03	3.620090e-04	-2.147681e-03	4.359763e-04	
8.091724e-04	8.970106e-04	3.620090e-04	1.365556e-03	-3.330463e-03	6.799980e-04	
-4.919746e-03	-5.501527e-03	-2.147681e-03	-3.330463e-03	2.069404e-02	-4.041853e-03	
1.005599e-03	1.114849e-03	4.359763e-04	6.799980e-04	-4.041853e-03	1.662904e-03	

VAR-COVAR MATRIX: ITER = 9500
2.045809e-03	1.349226e-03	5.840626e-04	7.631742e-04	-4.945180e-03	9.864624e-04	
1.349226e-03	2.331721e-03	6.277551e-04	8.312950e-04	-5.445657e-03	1.069841e-03	
5.840626e-04	6.277551e-04	1.086643e-03	3.602560e-04	-2.349458e-03	4.773845e-04	
7.631742e-04	8.312950e-04	3.602560e-04	1.295314e-03	-3.075722e-03	6.155247e-04	
-4.945180e-03	-5.445657e-03	-2.349458e-03	-3.075722e-03	2.058349e-02	-3.892658e-03	
9.864624e-04	1.069841e-03	4.773845e-04	6.155247e-04	-3.892658e-03	1.618418e-03	

VAR-COVAR MATRIX: ITER = 10000
2.012952e-03	1.360133e-03	5.482447e-04	7.170438e-04	-4.811210e-03	9.313493e-04	
1.360133e-03	2.405290e-03	6.216394e-04	8.175406e-04	-5.468421e-03	1.061278e-03	
5.482447e-04	6.216394e-04	1.071088e-03	3.251715e-04	-2.213206e-03	4.397824e-04	
7.170438e-04	8.175406e-04	3.251715e-04	1.237005e-03	-2.861549e-03	5.504432e-04	
-4.811210e-03	-5.468421e-03	-2.213206e-03	-2.861549e-03	2.014554e-02	-3.735549e-03	
9.313493e-04	1.061278e-03	4.397824e-04	5.504432e-04	-3.735549e-03	1.558226e-03	

VAR-COVAR MATRIX: ITER = 10500
2.023604e-03	1.350143e-03	5.565872e-04	7.658252e-04	-4.915266e-03	9.737418e-04	
1.350143e-03	2.352153e-03	6.157196e-04	8.243285e-04	-5.461866e-03	1.053600e-03	
5.565872e-04	6.157196e-04	1.060784e-03	3.627890e-04	-2.269744e-03	4.427820e-04	
7.658252e-04	8.243285e-04	3.627890e-04	1.314401e-03	-3.065517e-03	6.132730e-04	
-4.915266e-03	-5.461866e-03	-2.269744e-03	-3.065517e-03	2.055798e-02	-3.886456e-03	
9.737418e-04	1.053600e-03	4.427820e-04	6.132730e-04	-3.886456e-03	1.635174e-03	

VAR-COVAR MATRIX: ITER = 11000
1.918519e-03	1.219251e-03	4.906797e-04	6.921192e-04	-4.727863e-03	8.568473e-04	
1.219251e-03	2.216984e-03	5.222896e-04	7.592936e-04	-5.230467e-03	9.632690e-04	
4.906797e-04	5.222896e-04	1.032947e-03	3.218782e-04	-2.049255e-03	3.854939e-04	
6.921192e-04	7.592936e-04	3.218782e-04	1.246869e-03	-2.973252e-03	5.400232e-04	
-4.727863e-03	-5.230467e-03	-2.049255e-03	-2.973252e-03	2.075690e-02	-3.667840e-03	
8.568473e-04	9.632690e-04	3.854939e-04	5.400232e-04	-3.667840e-03	1.514991e-03	

VAR-COVAR MATRIX: ITER = 11500
2.082610e-03	1.428794e-03	5.923203e-04	8.096061e-04	-5.029543e-03	1.013523e-03	
1.428794e-03	2.468733e-03	6.743349e-04	9.324100e-04	-5.699993e-03	1.135460e-03	
5.923203e-04	6.743349e-04	1.085170e-03	4.089954e-04	-2.380871e-03	4.937308e-04	
8.096061e-04	9.324100e-04	4.089954e-04	1.368833e-03	-3.285611e-03	6.719572e-04	
-5.029543e-03	-5.699993e-03	-2.380871e-03	-3.285611e-03	2.083907e-02	-4.029461e-03	
1.013523e-03	1.135460e-03	4.937308e-04	6.719572e-04	-4.029461e-03	1.684180e-03	

VAR-COVAR MATRIX: ITER = 12000
2.064573e-03	1.383985e-03	5.793413e-04	7.846458e-04	-4.890290e-03	1.047323e-03	
1.383985e-03	2.482858e-03	6.556428e-04	8.896674e-04	-5.617691e-03	1.173482e-03	
5.793413e-04	6.556428e-04	1.087946e-03	3.744225e-04	-2.326634e-03	5.090968e-04	
7.846458e-04	8.896674e-04	3.744225e-04	1.336792e-03	-3.189147e-03	6.896826e-04	
-4.890290e-03	-5.617691e-03	-2.326634e-03	-3.189147e-03	2.041261e-02	-4.149475e-03	
1.047323e-03	1.173482e-03	5.090968e-04	6.896826e-04	-4.149475e-03	1.727451e-03	

VAR-COVAR MATRIX: ITER = 12500
1.968645e-03	1.322814e-03	5.045593e-04	7.515346e-04	-4.778875e-03	9.380145e-04	
1.322814e-03	2.362020e-03	5.814436e-04	8.684016e-04	-5.536175e-03	1.060542e-03	
5.045593e-04	5.814436e-04	1.028610e-03	3.455896e-04	-2.111791e-03	4.116832e-04	
7.515346e-04	8.684016e-04	3.455896e-04	1.316130e-03	-3.102429e-03	5.950999e-04	
-4.778875e-03	-5.536175e-03	-2.111791e-03	-3.102429e-03	2.054953e-02	-3.851508e-03	
9.380145e-04	1.060542e-03	4.116832e-04	5.950999e-04	-3.851508e-03	1.597647e-03	

VAR-COVAR MATRIX: ITER = 13000
2.043734e-03	1.435904e-03	5.278961e-04	7.825344e-04	-4.917495e-03	9.653729e-04	
1.435904e-03	2.519111e-03	6.158132e-04	8.955803e-04	-5.755507e-03	1.104293e-03	
5.278961e-04	6.158132e-04	1.040470e-03	3.409308e-04	-2.145898e-03	4.217802e-04	
7.825344e-04	8.955803e-04	3.409308e-04	1.316864e-03	-3.124245e-03	6.118446e-04	
-4.917495e-03	-5.755507e-03	-2.145898e-03	-3.124245e-03	2.041490e-02	-3.770125e-03	
9.653729e-04	1.104293e-03	4.217802e-04	6.118446e-04	-3.770125e-03	1.584193e-03	

VAR-COVAR MATRIX: ITER = 13500
2.103676e-03	1.489275e-03	5.629892e-04	7.552958e-04	-4.973586e-03	1.027096e-03	
1.489275e-03	2.559533e-03	6.635824e-04	8.716489e-04	-5.716183e-03	1.174440e-03	
5.629892e-04	6.635824e-04	1.072253e-03	3.645868e-04	-2.217832e-03	4.776967e-04	
7.552958e-04	8.716489e-04	3.645868e-04	1.263908e-03	-2.929620e-03	6.095018e-04	
-4.973586e-03	-5.716183e-03	-2.217832e-03	-2.929620e-03	1.994165e-02	-3.943145e-03	
1.027096e-03	1.174440e-03	4.776967e-04	6.095018e-04	-3.943145e-03	1.703249e-03	

VAR-COVAR MATRIX: ITER = 14000
2.079997e-03	1.451892e-03	6.022794e-04	7.466077e-04	-5.028990e-03	1.037791e-03	
1.451892e-03	2.516061e-03	6.749555e-04	8.641515e-04	-5.786915e-03	1.172126e-03	
6.022794e-04	6.749555e-04	1.089445e-03	3.618616e-04	-2.344236e-03	4.954967e-04	
7.466077e-04	8.641515e-04	3.618616e-04	1.273310e-03	-3.004926e-03	6.301040e-04	
-5.028990e-03	-5.786915e-03	-2.344236e-03	-3.004926e-03	2.067609e-02	-4.066371e-03	
1.037791e-03	1.172126e-03	4.954967e-04	6.301040e-04	-4.066371e-03	1.679217e-03	

VAR-COVAR MATRIX: ITER = 14500
1.908707e-03	1.326313e-03	5.122385e-04	6.491313e-04	-4.634363e-03	9.269379e-04	
1.326313e-03	2.478130e-03	6.287374e-04	7.880359e-04	-5.617712e-03	1.080833e-03	
5.122385e-04	6.287374e-04	1.079486e-03	3.085528e-04	-2.179941e-03	4.366890e-04	
6.491313e-04	7.880359e-04	3.085528e-04	1.226477e-03	-2.746015e-03	5.348492e-04	
-4.634363e-03	-5.617712e-03	-2.179941e-03	-2.746015e-03	2.020718e-02	-3.795999e-03	
9.269379e-04	1.080833e-03	4.366890e-04	5.348492e-04	-3.795999e-03	1.603884e-03	

VAR-COVAR MATRIX: ITER = 15000
2.063691e-03	1.435578e-03	5.490489e-04	7.321706e-04	-4.955272e-03	1.000324e-03	
1.435578e-03	2.489835e-03	6.315165e-04	8.168324e-04	-5.717791e-03	1.145709e-03	
5.490489e-04	6.315165e-04	1.087811e-03	3.217329e-04	-2.202957e-03	4.505603e-04	
7.321706e-04	8.168324e-04	3.217329e-04	1.258629e-03	-2.925520e-03	5.631377e-04	
-4.955272e-03	-5.717791e-03	-2.202957e-03	-2.925520e-03	2.055221e-02	-3.941337e-03	
1.000324e-03	1.145709e-03	4.505603e-04	5.631377e-04	-3.941337e-03	1.648015e-03	

VAR-COVAR MATRIX: ITER = 15500
2.146568e-03	1.482400e-03	6.000842e-04	7.944265e-04	-5.104021e-03	1.055537e-03	
1.482400e-03	2.552370e-03	6.406304e-04	9.032829e-04	-5.775706e-03	1.186981e-03	
6.000842e-04	6.406304e-04	1.088801e-03	3.680630e-04	-2.278848e-03	4.799565e-04	
7.944265e-04	9.032829e-04	3.680630e-04	1.303848e-03	-3.102643e-03	6.442276e-04	
-5.104021e-03	-5.775706e-03	-2.278848e-03	-3.102643e-03	2.060276e-02	-4.091848e-03	
1.055537e-03	1.186981e-03	4.799565e-04	6.442276e-04	-4.091848e-03	1.695930e-03	

VAR-COVAR MATRIX: ITER = 16000
2.183447e-03	1.543493e-03	6.426900e-04	8.456693e-04	-5.190648e-03	1.127538e-03	
1.543493e-03	2.603254e-03	7.189791e-04	9.592886e-04	-5.871819e-03	1.246029e-03	
6.426900e-04	7.189791e-04	1.124020e-03	3.926076e-04	-2.436997e-03	5.378227e-04	
8.456693e-04	9.592886e-04	3.926076e-04	1.339193e-03	-3.157447e-03	6.713450e-04	
-5.190648e-03	-5.871819e-03	-2.436997e-03	-3.157447e-03	2.031579e-02	-4.213858e-03	
1.127538e-03	1.246029e-03	5.378227e-04	6.713450e-04	-4.213858e-03	1.771065e-03	

VAR-COVAR MATRIX: ITER = 16500
1.968072e-03	1.355762e-03	4.906590e-04	6.946937e-04	-4.772705e-03	9.833491e-04	
1.355762e-03	2.490575e-03	5.652413e-04	8.298618e-04	-5.633265e-03	1.172547e-03	
4.906590e-04	5.652413e-04	1.011609e-03	2.945921e-04	-2.008247e-03	4.231539e-04	
6.946937e-04	8.298618e-04	2.945921e-04	1.246307e-03	-2.856166e-03	5.957840e-04	
-4.772705e-03	-5.633265e-03	-2.008247e-03	-2.856166e-03	2.035647e-02	-4.050263e-03	
9.833491e-04	1.172547e-03	4.231539e-04	5.957840e-04	-4.050263e-03	1.688793e-03	

VAR-COVAR MATRIX: ITER = 17000
2.006566e-03	1.444453e-03	5.296436e-04	7.364869e-04	-4.835982e-03	1.051740e-03	
1.444453e-03	2.617188e-03	6.278414e-04	8.759512e-04	-5.911440e-03	1.267150e-03	
5.296436e-04	6.278414e-04	1.052597e-03	3.483915e-04	-2.173402e-03	4.753358e-04	
7.364869e-04	8.759512e-04	3.483915e-04	1.280364e-03	-3.017217e-03	6.576863e-04	
-4.835982e-03	-5.911440e-03	-2.173402e-03	-3.017217e-03	2.060373e-02	-4.278241e-03	
1.051740e-03	1.267150e-03	4.753358e-04	6.576863e-04	-4.278241e-03	1.783941e-03	

VAR-COVAR MATRIX: ITER = 17500
1.990237e-03	1.383876e-03	5.475187e-04	6.998132e-04	-4.855420e-03	9.974317e-04	
1.383876e-03	2.455127e-03	6.218613e-04	8.009733e-04	-5.708017e-03	1.166576e-03	
5.475187e-04	6.218613e-04	1.067171e-03	3.350083e-04	-2.240312e-03	4.649083e-04	
6.998132e-04	8.009733e-04	3.350083e-04	1.226663e-03	-2.903216e-03	5.730295e-04	
-4.855420e-03	-5.708017e-03	-2.240312e-03	-2.903216e-03	2.090784e-02	-4.104144e-03	
9.974317e-04	1.166576e-03	4.649083e-04	5.730295e-04	-4.104144e-03	1.693511e-03	

VAR-COVAR MATRIX: ITER = 18000
2.036394e-03	1.413903e-03	5.484262e-04	7.267547e-04	-4.869825e-03	1.043440e-03	
1.413903e-03	2.497114e-03	6.577299e-04	8.369223e-04	-5.689346e-03	1.205090e-03	
5.484262e-04	6.577299e-04	1.066299e-03	3.249726e-04	-2.186092e-03	4.886867e-04	
7.267547e-04	8.369223e-04	3.249726e-04	1.293815e-03	-2.946095e-03	6.543875e-04	
-4.869825e-03	-5.689346e-03	-2.186092e-03	-2.946095e-03	2.035160e-02	-4.209080e-03	
1.043440e-03	1.205090e-03	4.886867e-04	6.543875e-04	-4.209080e-03	1.781763e-03	

VAR-COVAR MATRIX: ITER = 18500
1.983988e-03	1.404526e-03	5.242501e-04	7.463132e-04	-4.825552e-03	1.026424e-03	
1.404526e-03	2.593153e-03	6.372962e-04	9.057861e-04	-5.851835e-03	1.217511e-03	
5.242501e-04	6.372962e-04	1.058071e-03	3.509257e-04	-2.151710e-03	4.600142e-04	
7.463132e-04	9.057861e-04	3.509257e-04	1.297342e-03	-3.074216e-03	6.607867e-04	
-4.825552e-03	-5.851835e-03	-2.151710e-03	-3.074216e-03	2.067958e-02	-4.218319e-03	
1.026424e-03	1.217511e-03	4.600142e-04	6.607867e-04	-4.218319e-03	1.756391e-03	

VAR-COVAR MATRIX: ITER = 19000
2.035992e-03	1.448450e-03	5.718405e-04	7.282858e-04	-4.892165e-03	1.045245e-03	
1.448450e-03	2.566291e-03	6.722770e-04	8.521544e-04	-5.802080e-03	1.237451e-03	
5.718405e-04	6.722770e-04	1.083287e-03	3.375883e-04	-2.239273e-03	4.844318e-04	
7.282858e-04	8.521544e-04	3.375883e-04	1.257871e-03	-2.936053e-03	6.284849e-04	
-4.892165e-03	-5.802080e-03	-2.239273e-03	-2.936053e-03	2.037229e-02	-4.142302e-03	
1.045245e-03	1.237451e-03	4.844318e-04	6.284849e-04	-4.142302e-03	1.734064e-03	

VAR-COVAR MATRIX: ITER = 19500
2.095167e-03	1.442598e-03	5.721661e-04	7.915722e-04	-4.916435e-03	1.086402e-03	
1.442598e-03	2.515559e-03	6.490683e-04	8.693739e-04	-5.622018e-03	1.218679e-03	
5.721661e-04	6.490683e-04	1.073935e-03	3.402974e-04	-2.200654e-03	4.742595e-04	
7.915722e-04	8.693739e-04	3.402974e-04	1.298913e-03	-2.985931e-03	6.463407e-04	
-4.916435e-03	-5.622018e-03	-2.200654e-03	-2.985931e-03	1.974366e-02	-4.124932e-03	
1.086402e-03	1.218679e-03	4.742595e-04	6.463407e-04	-4.124932e-03	1.772833e-03	

VAR-COVAR MATRIX: ITER = 20000
1.961763e-03	1.308670e-03	4.775859e-04	6.606602e-04	-4.719955e-03	9.809780e-04	
1.308670e-03	2.389220e-03	5.509422e-04	7.595006e-04	-5.471798e-03	1.138864e-03	
4.775859e-04	5.509422e-04	9.935260e-04	2.754319e-04	-1.942734e-03	4.127346e-04	
6.606602e-04	7.595006e-04	2.754319e-04	1.180910e-03	-2.724988e-03	5.536253e-04	
-4.719955e-03	-5.471798e-03	-1.942734e-03	-2.724988e-03	2.022638e-02	-3.981398e-03	
9.809780e-04	1.138864e-03	4.127346e-04	5.536253e-04	-3.981398e-03	1.677415e-03	

VAR-COVAR MATRIX: ITER = 20500
2.021472e-03	1.371920e-03	5.192271e-04	6.955904e-04	-4.913735e-03	9.830305e-04	
1.371920e-03	2.450208e-03	5.692877e-04	7.884376e-04	-5.646822e-03	1.118914e-03	
5.192271e-04	5.692877e-04	1.022898e-03	3.103603e-04	-2.061598e-03	4.194079e-04	
6.955904e-04	7.884376e-04	3.103603e-04	1.232263e-03	-2.848218e-03	5.790663e-04	
-4.913735e-03	-5.646822e-03	-2.061598e-03	-2.848218e-03	2.084119e-02	-3.976607e-03	
9.830305e-04	1.118914e-03	4.194079e-04	5.790663e-04	-3.976607e-03	1.646052e-03	

VAR-COVAR MATRIX: ITER = 21000
2.040389e-03	1.404793e-03	5.779313e-04	7.572845e-04	-4.846584e-03	9.854775e-04	
1.404793e-03	2.476510e-03	6.571079e-04	8.510370e-04	-5.641491e-03	1.124013e-03	
5.779313e-04	6.571079e-04	1.067551e-03	3.708697e-04	-2.263784e-03	4.593260e-04	
7.572845e-04	8.510370e-04	3.708697e-04	1.262198e-03	-2.982191e-03	6.211450e-04	
-4.846584e-03	-5.641491e-03	-2.263784e-03	-2.982191e-03	2.012958e-02	-3.950884e-03	
9.854775e-04	1.124013e-03	4.593260e-04	6.211450e-04	-3.950884e-03	1.679692e-03	

VAR-COVAR MATRIX: ITER = 21500
2.110218e-03	1.471798e-03	5.978947e-04	7.245602e-04	-5.010224e-03	1.050244e-03	
1.471798e-03	2.547324e-03	6.714214e-04	8.267565e-04	-5.792561e-03	1.187529e-03	
5.978947e-04	6.714214e-04	1.105960e-03	3.399708e-04	-2.338116e-03	4.754052e-04	
7.245602e-04	8.267565e-04	3.399708e-04	1.247184e-03	-2.841638e-03	5.933610e-04	
-5.010224e-03	-5.792561e-03	-2.338116e-03	-2.841638e-03	2.054334e-02	-4.087024e-03	
1.050244e-03	1.187529e-03	4.754052e-04	5.933610e-04	-4.087024e-03	1.721866e-03	

VAR-COVAR MATRIX: ITER = 22000
2.089927e-03	1.438514e-03	5.823622e-04	7.510066e-04	-5.039833e-03	1.000049e-03	
1.438514e-03	2.450952e-03	6.371233e-04	8.182412e-04	-5.599874e-03	1.098936e-03	
5.823622e-04	6.371233e-04	1.058021e-03	3.442858e-04	-2.241801e-03	4.428320e-04	
7.510066e-04	8.182412e-04	3.442858e-04	1.257968e-03	-2.918605e-03	5.653527e-04	
-5.039833e-03	-5.599874e-03	-2.241801e-03	-2.918605e-03	2.041068e-02	-3.913219e-03	
1.000049e-03	1.098936e-03	4.428320e-04	5.653527e-04	-3.913219e-03	1.647691e-03	

VAR-COVAR MATRIX: ITER = 22500
2.087585e-03	1.448835e-03	5.599420e-04	7.372598e-04	-4.974856e-03	1.032550e-03	
1.448835e-03	2.508594e-03	6.203624e-04	8.293282e-04	-5.636155e-03	1.159781e-03	
5.599420e-04	6.203624e-04	1.060687e-03	3.159520e-04	-2.168333e-03	4.424348e-04	
7.372598e-04	8.293282e-04	3.159520e-04	1.240342e-03	-2.889399e-03	5.876462e-04	
-4.974856e-03	-5.636155e-03	-2.168333e-03	-2.889399e-03	2.003362e-02	-3.991147e-03	
1.032550e-03	1.159781e-03	4.424348e-04	5.876462e-04	-3.991147e-03	1.688291e-03	

VAR-COVAR MATRIX: ITER = 23000
2.017403e-03	1.345856e-03	5.440068e-04	7.139190e-04	-4.935321e-03	9.970290e-04	
1.345856e-03	2.370943e-03	5.963037e-04	7.613438e-04	-5.524775e-03	1.092448e-03	
5.440068e-04	5.963037e-04	1.049323e-03	3.203344e-04	-2.191372e-03	4.530245e-04	
7.139190e-04	7.613438e-04	3.203344e-04	1.214810e-03	-2.815321e-03	5.676698e-04	
-4.935321e-03	-5.524775e-03	-2.191372e-03	-2.815321e-03	2.072067e-02	-3.977572e-03	
9.970290e-04	1.092448e-03	4.530245e-04	5.676698e-04	-3.977572e-03	1.678301e-03	

VAR-COVAR MATRIX: ITER = 23500
2.115104e-03	1.456895e-03	5.365918e-04	7.794625e-04	-5.083080e-03	1.065151e-03	
1.456895e-03	2.451887e-03	6.065605e-04	8.702563e-04	-5.660579e-03	1.190354e-03	
5.365918e-04	6.065605e-04	1.059864e-03	3.415495e-04	-2.170220e-03	4.474010e-04	
7.794625e-04	8.702563e-04	3.415495e-04	1.311404e-03	-3.088222e-03	6.601523e-04	
-5.083080e-03	-5.660579e-03	-2.170220e-03	-3.088222e-03	2.057453e-02	-4.177248e-03	
1.065151e-03	1.190354e-03	4.474010e-04	6.601523e-04	-4.177248e-03	1.742469e-03	

VAR-COVAR MATRIX: ITER = 24000
2.172619e-03	1.568831e-03	5.839162e-04	8.436545e-04	-5.143877e-03	1.132432e-03	
1.568831e-03	2.616251e-03	6.625480e-04	9.721395e-04	-5.865035e-03	1.270794e-03	
5.839162e-04	6.625480e-04	1.086686e-03	3.740427e-04	-2.224254e-03	4.741353e-04	
8.436545e-04	9.721395e-04	3.740427e-04	1.332861e-03	-3.162558e-03	6.975015e-04	
-5.143877e-03	-5.865035e-03	-2.224254e-03	-3.162558e-03	2.015960e-02	-4.226234e-03	
1.132432e-03	1.270794e-03	4.741353e-04	6.975015e-04	-4.226234e-03	1.769195e-03	

VAR-COVAR MATRIX: ITER = 24500
2.142199e-03	1.465580e-03	5.647225e-04	8.249579e-04	-5.132347e-03	1.047991e-03	
1.465580e-03	2.466538e-03	6.313567e-04	8.995251e-04	-5.602792e-03	1.119141e-03	
5.647225e-04	6.313567e-04	1.068927e-03	3.650841e-04	-2.226023e-03	4.449635e-04	
8.249579e-04	8.995251e-04	3.650841e-04	1.326659e-03	-3.159377e-03	6.622072e-04	
-5.132347e-03	-5.602792e-03	-2.226023e-03	-3.159377e-03	2.033425e-02	-3.961682e-03	
1.047991e-03	1.119141e-03	4.449635e-04	6.622072e-04	-3.961682e-03	1.659432e-03	

VAR-COVAR MATRIX: ITER = 25000
2.141126e-03	1.458029e-03	6.160055e-04	8.236954e-04	-5.108005e-03	1.037924e-03	
1.458029e-03	2.425426e-03	6.545104e-04	9.037229e-04	-5.566670e-03	1.111806e-03	
6.160055e-04	6.545104e-04	1.112162e-03	3.847078e-04	-2.336240e-03	4.883426e-04	
8.236954e-04	9.037229e-04	3.847078e-04	1.347475e-03	-3.165165e-03	6.575411e-04	
-5.108005e-03	-5.566670e-03	-2.336240e-03	-3.165165e-03	2.030973e-02	-3.926794e-03	
1.037924e-03	1.111806e-03	4.883426e-04	6.575411e-04	-3.926794e-03	1.643165e-03	

VAR-COVAR MATRIX: ITER = 25500
2.128358e-03	1.443835e-03	5.468878e-04	7.928450e-04	-5.071044e-03	1.010759e-03	
1.443835e-03	2.484742e-03	5.903679e-04	8.621850e-04	-5.641328e-03	1.121342e-03	
5.468878e-04	5.903679e-04	1.040699e-03	3.476545e-04	-2.108862e-03	4.301827e-04	
7.928450e-04	8.621850e-04	3.476545e-04	1.306967e-03	-3.082225e-03	6.301641e-04	
-5.071044e-03	-5.641328e-03	-2.108862e-03	-3.082225e-03	2.053908e-02	-3.956475e-03	
1.010759e-03	1.121342e-03	4.301827e-04	6.301641e-04	-3.956475e-03	1.646743e-03	

VAR-COVAR MATRIX: ITER = 26000
2.144361e-03	1.504230e-03	6.162942e-04	8.196811e-04	-5.067692e-03	1.046396e-03	
1.504230e-03	2.574308e-03	6.727203e-04	9.326393e-04	-5.746171e-03	1.150325e-03	
6.162942e-04	6.727203e-04	1.088082e-03	3.775269e-04	-2.345076e-03	4.739077e-04	
8.196811e-04	9.326393e-04	3.775269e-04	1.339326e-03	-3.160623e-03	6.700738e-04	
-5.067692e-03	-5.746171e-03	-2.345076e-03	-3.160623e-03	2.024825e-02	-3.989084e-03	
1.046396e-03	1.150325e-03	4.739077e-04	6.700738e-04	-3.989084e-03	1.691391e-03	

VAR-COVAR MATRIX: ITER = 26500
2.116852e-03	1.492412e-03	5.738246e-04	7.918606e-04	-5.006083e-03	1.039819e-03	
1.492412e-03	2.596956e-03	6.626393e-04	9.447387e-04	-5.789935e-03	1.182751e-03	
5.738246e-04	6.626393e-04	1.073571e-03	3.665772e-04	-2.235543e-03	4.607115e-04	
7.918606e-04	9.447387e-04	3.665772e-04	1.294620e-03	-3.095759e-03	6.411880e-04	
-5.006083e-03	-5.789935e-03	-2.235543e-03	-3.095759e-03	1.996012e-02	-3.978909e-03	
1.039819e-03	1.182751e-03	4.607115e-04	6.411880e-04	-3.978909e-03	1.688738e-03	

VAR-COVAR MATRIX: ITER = 27000
2.095993e-03	1.447823e-03	5.889089e-04	7.620352e-04	-5.031319e-03	1.032056e-03	
1.447823e-03	2.474789e-03	6.480558e-04	8.478651e-04	-5.619167e-03	1.122859e-03	
5.889089e-04	6.480558e-04	1.093545e-03	3.653658e-04	-2.257622e-03	4.552669e-04	
7.620352e-04	8.478651e-04	3.653658e-04	1.258170e-03	-2.969602e-03	5.981805e-04	
-5.031319e-03	-5.619167e-03	-2.257622e-03	-2.969602e-03	2.026593e-02	-3.923650e-03	
1.032056e-03	1.122859e-03	4.552669e-04	5.981805e-04	-3.923650e-03	1.654594e-03	

VAR-COVAR MATRIX: ITER = 27500
2.001480e-03	1.316976e-03	5.618346e-04	7.333498e-04	-4.868463e-03	9.856659e-04	
1.316976e-03	2.326440e-03	6.167038e-04	7.844789e-04	-5.404420e-03	1.073233e-03	
5.618346e-04	6.167038e-04	1.073416e-03	3.465449e-04	-2.284863e-03	4.749267e-04	
7.333498e-04	7.844789e-04	3.465449e-04	1.286825e-03	-2.940342e-03	6.004662e-04	
-4.868463e-03	-5.404420e-03	-2.284863e-03	-2.940342e-03	2.052048e-02	-4.012131e-03	
9.856659e-04	1.073233e-03	4.749267e-04	6.004662e-04	-4.012131e-03	1.673302e-03	

VAR-COVAR MATRIX: ITER = 28000
2.093394e-03	1.426109e-03	5.392110e-04	7.538264e-04	-4.941847e-03	1.021372e-03	
1.426109e-03	2.453244e-03	6.515535e-04	8.548438e-04	-5.582251e-03	1.137405e-03	
5.392110e-04	6.515535e-04	1.094225e-03	3.526751e-04	-2.225995e-03	4.688817e-04	
7.538264e-04	8.548438e-04	3.526751e-04	1.278148e-03	-2.972279e-03	6.108362e-04	
-4.941847e-03	-5.582251e-03	-2.225995e-03	-2.972279e-03	2.013518e-02	-3.994182e-03	
1.021372e-03	1.137405e-03	4.688817e-04	6.108362e-04	-3.994182e-03	1.686842e-03	

VAR-COVAR MATRIX: ITER = 28500
2.172597e-03	1.492718e-03	6.074886e-04	7.909083e-04	-5.149444e-03	1.131195e-03	
1.492718e-03	2.560986e-03	6.411671e-04	8.722565e-04	-5.738523e-03	1.235433e-03	
6.074886e-04	6.411671e-04	1.073912e-03	3.476348e-04	-2.246831e-03	4.744761e-04	
7.909083e-04	8.722565e-04	3.476348e-04	1.272468e-03	-3.039411e-03	6.388235e-04	
-5.149444e-03	-5.738523e-03	-2.246831e-03	-3.039411e-03	2.040666e-02	-4.214936e-03	
1.131195e-03	1.235433e-03	4.744761e-04	6.388235e-04	-4.214936e-03	1.750673e-03	

VAR-COVAR MATRIX: ITER = 29000
1.971951e-03	1.378378e-03	5.364069e-04	7.010903e-04	-4.831417e-03	1.047630e-03	
1.378378e-03	2.475500e-03	6.142865e-04	7.964260e-04	-5.637128e-03	1.204431e-03	
5.364069e-04	6.142865e-04	1.039787e-03	3.018131e-04	-2.133364e-03	4.572290e-04	
7.010903e-04	7.964260e-04	3.018131e-04	1.260505e-03	-2.858985e-03	6.250439e-04	
-4.831417e-03	-5.637128e-03	-2.133364e-03	-2.858985e-03	2.030939e-02	-4.229359e-03	
1.047630e-03	1.204431e-03	4.572290e-04	6.250439e-04	-4.229359e-03	1.758461e-03	

VAR-COVAR MATRIX: ITER = 29500
2.012152e-03	1.405872e-03	5.724761e-04	7.291201e-04	-4.812503e-03	1.050251e-03	
1.405872e-03	2.472300e-03	6.314150e-04	8.347600e-04	-5.562355e-03	1.198816e-03	
5.724761e-04	6.314150e-04	1.073689e-03	3.498417e-04	-2.220104e-03	4.907135e-04	
7.291201e-04	8.347600e-04	3.498417e-04	1.268185e-03	-2.904596e-03	6.182021e-04	
-4.812503e-03	-5.562355e-03	-2.220104e-03	-2.904596e-03	1.984958e-02	-4.108682e-03	
1.050251e-03	1.198816e-03	4.907135e-04	6.182021e-04	-4.108682e-03	1.738488e-03	

VAR-COVAR MATRIX: ITER = 30000
2.052929e-03	1.347429e-03	5.150844e-04	7.366004e-04	-4.934588e-03	9.888356e-04	
1.347429e-03	2.376198e-03	5.692008e-04	7.926843e-04	-5.512030e-03	1.082963e-03	
5.150844e-04	5.692008e-04	1.068204e-03	3.096197e-04	-2.067080e-03	3.859440e-04	
7.366004e-04	7.926843e-04	3.096197e-04	1.256192e-03	-2.930833e-03	5.772478e-04	
-4.934588e-03	-5.512030e-03	-2.067080e-03	-2.930833e-03	2.077171e-02	-3.974071e-03	
9.888356e-04	1.082963e-03	3.859440e-04	5.772478e-04	-3.974071e-03	1.638617e-03	

VAR-COVAR MATRIX: ITER = 30500
2.067495e-03	1.423262e-03	5.472374e-04	7.330183e-04	-4.960483e-03	1.021404e-03	
1.423262e-03	2.454988e-03	6.146245e-04	8.141965e-04	-5.610730e-03	1.144356e-03	
5.472374e-04	6.146245e-04	1.078262e-03	3.265485e-04	-2.196462e-03	4.450098e-04	
7.330183e-04	8.141965e-04	3.265485e-04	1.232112e-03	-2.924345e-03	5.894906e-04	
-4.960483e-03	-5.610730e-03	-2.196462e-03	-2.924345e-03	2.046337e-02	-3.992699e-03	
1.021404e-03	1.144356e-03	4.450098e-04	5.894906e-04	-3.992699e-03	1.647691e-03	

VAR-COVAR MATRIX: ITER = 31000
2.116904e-03	1.457705e-03	5.513053e-04	7.877200e-04	-5.044215e-03	1.032682e-03	
1.457705e-03	2.477520e-03	6.218932e-04	8.872402e-04	-5.680419e-03	1.168653e-03	
5.513053e-04	6.218932e-04	1.071482e-03	3.385616e-04	-2.182622e-03	4.622134e-04	
7.877200e-04	8.872402e-04	3.385616e-04	1.306133e-03	-3.093450e-03	6.195304e-04	
-5.044215e-03	-5.680419e-03	-2.182622e-03	-3.093450e-03	2.053168e-02	-4.072347e-03	
1.032682e-03	1.168653e-03	4.622134e-04	6.195304e-04	-4.072347e-03	1.682902e-03	

VAR-COVAR MATRIX: ITER = 31500
2.147686e-03	1.488387e-03	5.841289e-04	7.938905e-04	-5.075456e-03	1.053500e-03	
1.488387e-03	2.555189e-03	6.530876e-04	8.962514e-04	-5.771563e-03	1.201674e-03	
5.841289e-04	6.530876e-04	1.076200e-03	3.528568e-04	-2.210817e-03	4.586356e-04	
7.938905e-04	8.962514e-04	3.528568e-04	1.297317e-03	-3.060872e-03	6.508795e-04	
-5.075456e-03	-5.771563e-03	-2.210817e-03	-3.060872e-03	2.026845e-02	-4.096939e-03	
1.053500e-03	1.201674e-03	4.586356e-04	6.508795e-04	-4.096939e-03	1.715015e-03	

VAR-COVAR MATRIX: ITER = 32000
2.073125e-03	1.427065e-03	5.066434e-04	7.976285e-04	-4.954012e-03	1.039985e-03	
1.427065e-03	2.458711e-03	5.738588e-04	8.790704e-04	-5.591612e-03	1.153329e-03	
5.066434e-04	5.738588e-04	1.036775e-03	3.106734e-04	-1.980340e-03	4.171156e-04	
7.976285e-04	8.790704e-04	3.106734e-04	1.282358e-03	-3.068947e-03	6.259411e-04	
-4.954012e-03	-5.591612e-03	-1.980340e-03	-3.068947e-03	2.006962e-02	-4.007457e-03	
1.039985e-03	1.153329e-03	4.171156e-04	6.259411e-04	-4.007457e-03	1.699322e-03	

VAR-COVAR MATRIX: ITER = 32500
2.141890e-03	1.512002e-03	5.364981e-04	7.689738e-04	-5.047721e-03	1.049853e-03	
1.512002e-03	2.610273e-03	6.167575e-04	8.891433e-04	-5.821096e-03	1.198381e-03	
5.364981e-04	6.167575e-04	1.053374e-03	3.249720e-04	-2.058481e-03	4.420634e-04	
7.689738e-04	8.891433e-04	3.249720e-04	1.277843e-03	-2.986038e-03	6.306206e-04	
-5.047721e-03	-5.821096e-03	-2.058481e-03	-2.986038e-03	2.014966e-02	-4.058400e-03	
1.049853e-03	1.198381e-03	4.420634e-04	6.306206e-04	-4.058400e-03	1.713626e-03	

VAR-COVAR MATRIX: ITER = 33000
2.221460e-03	1.552145e-03	5.930740e-04	8.616140e-04	-5.198359e-03	1.093316e-03	
1.552145e-03	2.572870e-03	6.342063e-04	9.314326e-04	-5.749803e-03	1.227747e-03	
5.930740e-04	6.342063e-04	1.069498e-03	3.718595e-04	-2.166693e-03	4.629932e-04	
8.616140e-04	9.314326e-04	3.718595e-04	1.353876e-03	-3.159145e-03	6.657132e-04	
-5.198359e-03	-5.749803e-03	-2.166693e-03	-3.159145e-03	2.011697e-02	-4.112679e-03	
1.093316e-03	1.227747e-03	4.629932e-04	6.657132e-04	-4.112679e-03	1.718836e-03	

VAR-COVAR MATRIX: ITER = 33500
2.112239e-03	1.457889e-03	5.767427e-04	7.646021e-04	-5.021536e-03	1.013317e-03	
1.457889e-03	2.533529e-03	6.330302e-04	8.427087e-04	-5.705229e-03	1.142210e-03	
5.767427e-04	6.330302e-04	1.072174e-03	3.491205e-04	-2.230844e-03	4.615929e-04	
7.646021e-04	8.427087e-04	3.491205e-04	1.256076e-03	-2.977078e-03	5.993313e-04	
-5.021536e-03	-5.705229e-03	-2.230844e-03	-2.977078e-03	2.043776e-02	-3.945877e-03	
1.013317e-03	1.142210e-03	4.615929e-04	5.993313e-04	-3.945877e-03	1.659388e-03	

VAR-COVAR MATRIX: ITER = 34000
2.049472e-03	1.387518e-03	5.624156e-04	7.278264e-04	-4.907228e-03	1.015483e-03	
1.387518e-03	2.446565e-03	6.253998e-04	8.020433e-04	-5.583134e-03	1.157102e-03	
5.624156e-04	6.253998e-04	1.054667e-03	3.331196e-04	-2.195079e-03	4.721716e-04	
7.278264e-04	8.020433e-04	3.331196e-04	1.256990e-03	-2.872272e-03	6.047868e-04	
-4.907228e-03	-5.583134e-03	-2.195079e-03	-2.872272e-03	2.029050e-02	-4.050622e-03	
1.015483e-03	1.157102e-03	4.721716e-04	6.047868e-04	-4.050622e-03	1.699890e-03	

VAR-COVAR MATRIX: ITER = 34500
2.106084e-03	1.417185e-03	4.929120e-04	7.384562e-04	-4.966532e-03	1.012340e-03	
1.417185e-03	2.435397e-03	5.472248e-04	7.856135e-04	-5.520431e-03	1.124927e-03	
4.929120e-04	5.472248e-04	1.015609e-03	2.850135e-04	-1.921091e-03	3.973482e-04	
7.384562e-04	7.856135e-04	2.850135e-04	1.218075e-03	-2.785328e-03	5.683552e-04	
-4.966532e-03	-5.520431e-03	-1.921091e-03	-2.785328e-03	1.992188e-02	-3.912839e-03	
1.012340e-03	1.124927e-03	3.973482e-04	5.683552e-04	-3.912839e-03	1.671648e-03	

VAR-COVAR MATRIX: ITER = 35000
2.119668e-03	1.462883e-03	5.500414e-04	7.805376e-04	-5.149308e-03	1.081725e-03	
1.462883e-03	2.444125e-03	6.017632e-04	8.429913e-04	-5.599142e-03	1.185829e-03	
5.500414e-04	6.017632e-04	1.054469e-03	3.573306e-04	-2.173769e-03	4.691158e-04	
7.805376e-04	8.429913e-04	3.573306e-04	1.282353e-03	-3.021014e-03	6.250030e-04	
-5.149308e-03	-5.599142e-03	-2.173769e-03	-3.021014e-03	2.056279e-02	-4.145475e-03	
1.081725e-03	1.185829e-03	4.691158e-04	6.250030e-04	-4.145475e-03	1.742998e-03	

VAR-COVAR MATRIX: ITER = 35500
2.034301e-03	1.301706e-03	4.692062e-04	7.082995e-04	-4.790899e-03	9.625408e-04	
1.301706e-03	2.276747e-03	5.054885e-04	7.487031e-04	-5.197976e-03	9.961366e-04	
4.692062e-04	5.054885e-04	1.034129e-03	2.683196e-04	-1.844479e-03	3.628666e-04	
7.082995e-04	7.487031e-04	2.683196e-04	1.244590e-03	-2.783026e-03	5.208330e-04	
-4.790899e-03	-5.197976e-03	-1.844479e-03	-2.783026e-03	1.981173e-02	-3.707840e-03	
9.625408e-04	9.961366e-04	3.628666e-04	5.208330e-04	-3.707840e-03	1.603213e-03	

VAR-COVAR MATRIX: ITER = 36000
2.063482e-03	1.398818e-03	5.207848e-04	7.413476e-04	-4.923899e-03	1.031509e-03	
1.398818e-03	2.431549e-03	5.711503e-04	8.239552e-04	-5.530478e-03	1.146685e-03	
5.207848e-04	5.711503e-04	1.052909e-03	3.161405e-04	-2.097904e-03	4.407258e-04	
7.413476e-04	8.239552e-04	3.161405e-04	1.262942e-03	-2.920309e-03	6.317059e-04	
-4.923899e-03	-5.530478e-03	-2.097904e-03	-2.920309e-03	2.020345e-02	-4.045832e-03	
1.031509e-03	1.146685e-03	4.407258e-04	6.317059e-04	-4.045832e-03	1.699497e-03	

VAR-COVAR MATRIX: ITER = 36500
2.090908e-03	1.381207e-03	5.470321e-04	7.323592e-04	-4.993500e-03	1.000484e-03	
1.381207e-03	2.429911e-03	6.028529e-04	7.975297e-04	-5.525782e-03	1.070763e-03	
5.470321e-04	6.028529e-04	1.057588e-03	3.098786e-04	-2.177780e-03	4.456092e-04	
7.323592e-04	7.975297e-04	3.098786e-04	1.233035e-03	-2.860138e-03	5.691244e-04	
-4.993500e-03	-5.525782e-03	-2.177780e-03	-2.860138e-03	2.043310e-02	-3.898610e-03	
1.000484e-03	1.070763e-03	4.456092e-04	5.691244e-04	-3.898610e-03	1.625642e-03	

VAR-COVAR MATRIX: ITER = 37000
2.114242e-03	1.402919e-03	5.428884e-04	7.592538e-04	-5.075672e-03	1.049496e-03	
1.402919e-03	2.400503e-03	5.719585e-04	8.144344e-04	-5.537598e-03	1.109142e-03	
5.428884e-04	5.719585e-04	1.018598e-03	3.219804e-04	-2.076208e-03	4.352005e-04	
7.592538e-04	8.144344e-04	3.219804e-04	1.255429e-03	-2.960282e-03	6.086535e-04	
-5.075672e-03	-5.537598e-03	-2.076208e-03	-2.960282e-03	2.050004e-02	-4.044921e-03	
1.049496e-03	1.109142e-03	4.352005e-04	6.086535e-04	-4.044921e-03	1.667586e-03	

VAR-COVAR MATRIX: ITER = 37500
2.034321e-03	1.388923e-03	5.836712e-04	7.404451e-04	-4.879605e-03	1.040956e-03	
1.388923e-03	2.423236e-03	6.483941e-04	8.010911e-04	-5.553616e-03	1.149497e-03	
5.836712e-04	6.483941e-04	1.129872e-03	3.641158e-04	-2.347815e-03	5.036652e-04	
7.404451e-04	8.010911e-04	3.641158e-04	1.257781e-03	-2.873965e-03	6.029020e-04	
-4.879605e-03	-5.553616e-03	-2.347815e-03	-2.873965e-03	2.024721e-02	-4.110024e-03	
1.040956e-03	1.149497e-03	5.036652e-04	6.029020e-04	-4.110024e-03	1.740385e-03	

VAR-COVAR MATRIX: ITER = 38000
2.255958e-03	1.548519e-03	6.461294e-04	7.786824e-04	-5.219094e-03	1.095736e-03	
1.548519e-03	2.517122e-03	6.999289e-04	8.369566e-04	-5.622091e-03	1.160408e-03	
6.461294e-04	6.999289e-04	1.096281e-03	3.763478e-04	-2.353828e-03	5.087151e-04	
7.786824e-04	8.369566e-04	3.763478e-04	1.239982e-03	-2.870792e-03	6.119307e-04	
-5.219094e-03	-5.622091e-03	-2.353828e-03	-2.870792e-03	1.978189e-02	-3.957238e-03	
1.095736e-03	1.160408e-03	5.087151e-04	6.119307e-04	-3.957238e-03	1.698641e-03	

VAR-COVAR MATRIX: ITER = 38500
2.242646e-03	1.533310e-03	6.295999e-04	8.187045e-04	-5.228982e-03	1.106399e-03	
1.533310e-03	2.494489e-03	6.670455e-04	8.544069e-04	-5.606804e-03	1.150675e-03	
6.295999e-04	6.670455e-04	1.071829e-03	3.574399e-04	-2.272535e-03	4.913194e-04	
8.187045e-04	8.544069e-04	3.574399e-04	1.278365e-03	-2.942487e-03	6.267033e-04	
-5.228982e-03	-5.606804e-03	-2.272535e-03	-2.942487e-03	1.984048e-02	-3.968060e-03	
