2.061055e-03	1.409302e-03	5.095042e-04	7.911443e-04	-4.893616e-03	1.003892e-03	
1.409302e-03	2.512449e-03	5.500093e-04	9.072406e-04	-5.683197e-03	1.144403e-03	
5.095042e-04	5.500093e-04	1.002122e-03	3.389862e-04	-2.009932e-03	4.072940e-04	
7.911443e-04	9.072406e-04	3.389862e-04	1.336022e-03	-3.136276e-03	6.308418e-04	
-4.893616e-03	-5.683197e-03	-2.009932e-03	-3.136276e-03	2.037695e-02	-3.978119e-03	
1.003892e-03	1.144403e-03	4.072940e-04	6.308418e-04	-3.978119e-03	1.665161e-03	
