===== BAYENV2.0 =====

input file is set
number of populations is set
number of iterations is set
seed is set
TEST = 0 . So running matrix estimation
MCMC VER 0.71 (THREADED)
ITERATIONS = 100000
INPUT FILE = Y2017_filtered_snpsfile_8621.txt
SEED = -55234

num_alleles = 17242.000000
number of loci = 8621
VAR-COVAR MATRIX: ITER = 500
2.108352e-03	1.247019e-03	4.332413e-04	6.955112e-04	-4.932233e-03	7.773537e-04	
1.247019e-03	2.508619e-03	4.304371e-04	6.995295e-04	-5.424887e-03	7.830607e-04	
4.332413e-04	4.304371e-04	1.150933e-03	2.984699e-04	-1.936606e-03	2.923192e-04	
6.955112e-04	6.995295e-04	2.984699e-04	1.364730e-03	-2.950553e-03	4.203703e-04	
-4.932233e-03	-5.424887e-03	-1.936606e-03	-2.950553e-03	2.147812e-02	-3.373820e-03	
7.773537e-04	7.830607e-04	2.923192e-04	4.203703e-04	-3.373820e-03	1.641147e-03	

VAR-COVAR MATRIX: ITER = 1000
2.066699e-03	1.312780e-03	5.520142e-04	7.388636e-04	-4.945457e-03	8.878709e-04	
1.312780e-03	2.237619e-03	5.750277e-04	7.512697e-04	-5.229091e-03	9.249993e-04	
5.520142e-04	5.750277e-04	1.064078e-03	3.247227e-04	-2.178201e-03	4.054214e-04	
7.388636e-04	7.512697e-04	3.247227e-04	1.259008e-03	-2.906307e-03	5.162990e-04	
-4.945457e-03	-5.229091e-03	-2.178201e-03	-2.906307e-03	2.056166e-02	-3.566610e-03	
8.878709e-04	9.249993e-04	4.054214e-04	5.162990e-04	-3.566610e-03	1.513980e-03	

VAR-COVAR MATRIX: ITER = 1500
2.081230e-03	1.401328e-03	6.308733e-04	7.815176e-04	-5.040142e-03	9.800375e-04	
1.401328e-03	2.436639e-03	6.858597e-04	8.513179e-04	-5.598352e-03	1.071866e-03	
6.308733e-04	6.858597e-04	1.114739e-03	3.792972e-04	-2.437983e-03	4.871217e-04	
7.815176e-04	8.513179e-04	3.792972e-04	1.298519e-03	-3.062245e-03	5.798590e-04	
-5.040142e-03	-5.598352e-03	-2.437983e-03	-3.062245e-03	2.070725e-02	-3.862215e-03	
9.800375e-04	1.071866e-03	4.871217e-04	5.798590e-04	-3.862215e-03	1.597827e-03	

VAR-COVAR MATRIX: ITER = 2000
2.028466e-03	1.362565e-03	5.704744e-04	7.801786e-04	-4.916842e-03	9.887656e-04	
1.362565e-03	2.417469e-03	6.534255e-04	8.705006e-04	-5.585264e-03	1.104164e-03	
5.704744e-04	6.534255e-04	1.099432e-03	3.789655e-04	-2.389245e-03	4.775841e-04	
7.801786e-04	8.705006e-04	3.789655e-04	1.331396e-03	-3.143639e-03	6.250907e-04	
-4.916842e-03	-5.585264e-03	-2.389245e-03	-3.143639e-03	2.083239e-02	-3.974305e-03	
9.887656e-04	1.104164e-03	4.775841e-04	6.250907e-04	-3.974305e-03	1.642898e-03	

VAR-COVAR MATRIX: ITER = 2500
2.091022e-03	1.424119e-03	5.525380e-04	7.885708e-04	-4.982224e-03	1.060014e-03	
1.424119e-03	2.424653e-03	6.259413e-04	8.385591e-04	-5.574906e-03	1.173793e-03	
5.525380e-04	6.259413e-04	1.074880e-03	3.518890e-04	-2.226107e-03	4.806695e-04	
7.885708e-04	8.385591e-04	3.518890e-04	1.314163e-03	-3.081540e-03	6.551436e-04	
-4.982224e-03	-5.574906e-03	-2.226107e-03	-3.081540e-03	2.052246e-02	-4.150695e-03	
1.060014e-03	1.173793e-03	4.806695e-04	6.551436e-04	-4.150695e-03	1.711516e-03	

VAR-COVAR MATRIX: ITER = 3000
2.142750e-03	1.399483e-03	5.621442e-04	7.307663e-04	-5.082167e-03	1.012028e-03	
1.399483e-03	2.369308e-03	6.045871e-04	7.681882e-04	-5.451131e-03	1.061765e-03	
5.621442e-04	6.045871e-04	1.062422e-03	3.257368e-04	-2.202658e-03	4.320338e-04	
7.307663e-04	7.681882e-04	3.257368e-04	1.230166e-03	-2.868451e-03	5.632175e-04	
-5.082167e-03	-5.451131e-03	-2.202658e-03	-2.868451e-03	2.052707e-02	-3.900865e-03	
1.012028e-03	1.061765e-03	4.320338e-04	5.632175e-04	-3.900865e-03	1.624466e-03	

VAR-COVAR MATRIX: ITER = 3500
2.186321e-03	1.482828e-03	5.923359e-04	8.449017e-04	-5.099525e-03	1.100837e-03	
1.482828e-03	2.447648e-03	6.376808e-04	8.776628e-04	-5.513737e-03	1.161427e-03	
5.923359e-04	6.376808e-04	1.081351e-03	3.642859e-04	-2.220545e-03	4.799210e-04	
8.449017e-04	8.776628e-04	3.642859e-04	1.359592e-03	-3.101953e-03	6.636120e-04	
-5.099525e-03	-5.513737e-03	-2.220545e-03	-3.101953e-03	1.973867e-02	-4.096116e-03	
1.100837e-03	1.161427e-03	4.799210e-04	6.636120e-04	-4.096116e-03	1.727427e-03	

VAR-COVAR MATRIX: ITER = 4000
2.053726e-03	1.388860e-03	5.527830e-04	7.827128e-04	-4.867749e-03	1.011916e-03	
1.388860e-03	2.428730e-03	6.124534e-04	8.892506e-04	-5.518394e-03	1.146561e-03	
5.527830e-04	6.124534e-04	1.054283e-03	3.521877e-04	-2.150351e-03	4.607037e-04	
7.827128e-04	8.892506e-04	3.521877e-04	1.329027e-03	-3.091502e-03	6.388548e-04	
-4.867749e-03	-5.518394e-03	-2.150351e-03	-3.091502e-03	1.992956e-02	-3.980049e-03	
1.011916e-03	1.146561e-03	4.607037e-04	6.388548e-04	-3.980049e-03	1.685560e-03	

VAR-COVAR MATRIX: ITER = 4500
2.101135e-03	1.423498e-03	6.064534e-04	7.921100e-04	-4.988546e-03	1.094635e-03	
1.423498e-03	2.442352e-03	6.790245e-04	8.817715e-04	-5.613675e-03	1.200388e-03	
6.064534e-04	6.790245e-04	1.118435e-03	4.033724e-04	-2.399012e-03	5.347544e-04	
7.921100e-04	8.817715e-04	4.033724e-04	1.325960e-03	-3.116698e-03	6.729691e-04	
-4.988546e-03	-5.613675e-03	-2.399012e-03	-3.116698e-03	2.029282e-02	-4.223136e-03	
1.094635e-03	1.200388e-03	5.347544e-04	6.729691e-04	-4.223136e-03	1.787475e-03	

VAR-COVAR MATRIX: ITER = 5000
2.133230e-03	1.428143e-03	5.850297e-04	8.000708e-04	-5.061268e-03	1.059430e-03	
1.428143e-03	2.462928e-03	6.187813e-04	8.794546e-04	-5.587979e-03	1.145635e-03	
5.850297e-04	6.187813e-04	1.077756e-03	3.619477e-04	-2.242850e-03	4.720301e-04	
8.000708e-04	8.794546e-04	3.619477e-04	1.303369e-03	-3.096095e-03	6.460001e-04	
-5.061268e-03	-5.587979e-03	-2.242850e-03	-3.096095e-03	2.042190e-02	-4.117167e-03	
1.059430e-03	1.145635e-03	4.720301e-04	6.460001e-04	-4.117167e-03	1.720854e-03	

VAR-COVAR MATRIX: ITER = 5500
2.169808e-03	1.459044e-03	6.089984e-04	8.110493e-04	-5.101149e-03	1.103286e-03	
1.459044e-03	2.446992e-03	6.542270e-04	8.852589e-04	-5.590097e-03	1.188482e-03	
6.089984e-04	6.542270e-04	1.097226e-03	3.677772e-04	-2.279896e-03	4.940385e-04	
8.110493e-04	8.852589e-04	3.677772e-04	1.332321e-03	-3.111728e-03	6.672463e-04	
-5.101149e-03	-5.590097e-03	-2.279896e-03	-3.111728e-03	2.020073e-02	-4.178690e-03	
1.103286e-03	1.188482e-03	4.940385e-04	6.672463e-04	-4.178690e-03	1.750765e-03	

VAR-COVAR MATRIX: ITER = 6000
2.212803e-03	1.507223e-03	5.857607e-04	8.155688e-04	-5.241369e-03	1.122133e-03	
1.507223e-03	2.533464e-03	6.555580e-04	8.712881e-04	-5.715878e-03	1.223349e-03	
5.857607e-04	6.555580e-04	1.065867e-03	3.325786e-04	-2.182749e-03	5.022820e-04	
8.155688e-04	8.712881e-04	3.325786e-04	1.285991e-03	-3.019046e-03	6.550223e-04	
-5.241369e-03	-5.715878e-03	-2.182749e-03	-3.019046e-03	2.030542e-02	-4.216993e-03	
1.122133e-03	1.223349e-03	5.022820e-04	6.550223e-04	-4.216993e-03	1.752144e-03	

VAR-COVAR MATRIX: ITER = 6500
2.156093e-03	1.433136e-03	5.555750e-04	7.944766e-04	-5.037414e-03	1.122938e-03	
1.433136e-03	2.486134e-03	5.807135e-04	8.478720e-04	-5.579859e-03	1.204361e-03	
5.555750e-04	5.807135e-04	1.047783e-03	3.339365e-04	-2.117217e-03	4.806760e-04	
7.944766e-04	8.478720e-04	3.339365e-04	1.275909e-03	-3.042756e-03	6.697703e-04	
-5.037414e-03	-5.579859e-03	-2.117217e-03	-3.042756e-03	2.012111e-02	-4.234447e-03	
1.122938e-03	1.204361e-03	4.806760e-04	6.697703e-04	-4.234447e-03	1.758992e-03	

VAR-COVAR MATRIX: ITER = 7000
2.072405e-03	1.411977e-03	5.013648e-04	8.062796e-04	-4.928420e-03	1.053931e-03	
1.411977e-03	2.497812e-03	5.625681e-04	9.127885e-04	-5.678583e-03	1.169739e-03	
5.013648e-04	5.625681e-04	1.018295e-03	3.207877e-04	-1.986961e-03	4.313700e-04	
8.062796e-04	9.127885e-04	3.207877e-04	1.342791e-03	-3.139702e-03	6.740428e-04	
-4.928420e-03	-5.678583e-03	-1.986961e-03	-3.139702e-03	2.027946e-02	-4.076232e-03	
1.053931e-03	1.169739e-03	4.313700e-04	6.740428e-04	-4.076232e-03	1.705286e-03	

VAR-COVAR MATRIX: ITER = 7500
2.013460e-03	1.413705e-03	5.202845e-04	7.925435e-04	-4.884353e-03	1.009526e-03	
1.413705e-03	2.517613e-03	5.938565e-04	9.164019e-04	-5.745766e-03	1.180194e-03	
5.202845e-04	5.938565e-04	1.045903e-03	3.479062e-04	-2.119624e-03	4.325666e-04	
7.925435e-04	9.164019e-04	3.479062e-04	1.332528e-03	-3.218973e-03	6.898585e-04	
-4.884353e-03	-5.745766e-03	-2.119624e-03	-3.218973e-03	2.053391e-02	-4.101634e-03	
1.009526e-03	1.180194e-03	4.325666e-04	6.898585e-04	-4.101634e-03	1.708283e-03	

VAR-COVAR MATRIX: ITER = 8000
2.028405e-03	1.421100e-03	5.243415e-04	7.905700e-04	-4.960973e-03	1.026212e-03	
1.421100e-03	2.542100e-03	5.971695e-04	9.259889e-04	-5.866241e-03	1.193491e-03	
5.243415e-04	5.971695e-04	1.034130e-03	3.275801e-04	-2.084345e-03	4.389969e-04	
7.905700e-04	9.259889e-04	3.275801e-04	1.342763e-03	-3.207344e-03	6.679990e-04	
-4.960973e-03	-5.866241e-03	-2.084345e-03	-3.207344e-03	2.100080e-02	-4.161498e-03	
1.026212e-03	1.193491e-03	4.389969e-04	6.679990e-04	-4.161498e-03	1.725800e-03	

VAR-COVAR MATRIX: ITER = 8500
2.139836e-03	1.481752e-03	6.070584e-04	8.351326e-04	-4.981394e-03	1.102511e-03	
1.481752e-03	2.582218e-03	6.740738e-04	9.257054e-04	-5.728204e-03	1.272786e-03	
6.070584e-04	6.740738e-04	1.100332e-03	3.961184e-04	-2.278860e-03	5.200123e-04	
8.351326e-04	9.257054e-04	3.961184e-04	1.340892e-03	-3.146958e-03	7.085956e-04	
-4.981394e-03	-5.728204e-03	-2.278860e-03	-3.146958e-03	1.973522e-02	-4.210924e-03	
1.102511e-03	1.272786e-03	5.200123e-04	7.085956e-04	-4.210924e-03	1.783402e-03	

VAR-COVAR MATRIX: ITER = 9000
2.107364e-03	1.511545e-03	6.006393e-04	7.810900e-04	-4.921876e-03	1.058609e-03	
1.511545e-03	2.618095e-03	6.985724e-04	9.064698e-04	-5.839179e-03	1.234432e-03	
6.006393e-04	6.985724e-04	1.098359e-03	3.705675e-04	-2.288082e-03	4.960397e-04	
7.810900e-04	9.064698e-04	3.705675e-04	1.268301e-03	-3.002418e-03	6.468073e-04	
-4.921876e-03	-5.839179e-03	-2.288082e-03	-3.002418e-03	1.986608e-02	-4.113827e-03	
1.058609e-03	1.234432e-03	4.960397e-04	6.468073e-04	-4.113827e-03	1.732640e-03	

VAR-COVAR MATRIX: ITER = 9500
2.019262e-03	1.380705e-03	5.125155e-04	7.042229e-04	-4.837326e-03	9.429192e-04	
1.380705e-03	2.459223e-03	5.736040e-04	8.358410e-04	-5.600328e-03	1.075893e-03	
5.125155e-04	5.736040e-04	1.034778e-03	3.098222e-04	-2.095733e-03	4.257955e-04	
7.042229e-04	8.358410e-04	3.098222e-04	1.259588e-03	-2.894893e-03	5.717087e-04	
-4.837326e-03	-5.600328e-03	-2.095733e-03	-2.894893e-03	2.046029e-02	-3.823553e-03	
9.429192e-04	1.075893e-03	4.257955e-04	5.717087e-04	-3.823553e-03	1.602415e-03	

VAR-COVAR MATRIX: ITER = 10000
1.987791e-03	1.348830e-03	5.193561e-04	6.647328e-04	-4.803126e-03	9.253758e-04	
1.348830e-03	2.423389e-03	5.526712e-04	7.703571e-04	-5.570475e-03	1.059600e-03	
5.193561e-04	5.526712e-04	1.045979e-03	2.928165e-04	-2.047957e-03	4.115053e-04	
6.647328e-04	7.703571e-04	2.928165e-04	1.207576e-03	-2.775099e-03	5.374193e-04	
-4.803126e-03	-5.570475e-03	-2.047957e-03	-2.775099e-03	2.054955e-02	-3.792795e-03	
9.253758e-04	1.059600e-03	4.115053e-04	5.374193e-04	-3.792795e-03	1.576027e-03	

VAR-COVAR MATRIX: ITER = 10500
2.021763e-03	1.400402e-03	5.041468e-04	7.328910e-04	-4.859240e-03	9.828210e-04	
1.400402e-03	2.453910e-03	6.128986e-04	8.332730e-04	-5.641830e-03	1.116019e-03	
5.041468e-04	6.128986e-04	1.045762e-03	3.229819e-04	-2.125516e-03	4.403959e-04	
7.328910e-04	8.332730e-04	3.229819e-04	1.265358e-03	-2.925505e-03	5.953258e-04	
-4.859240e-03	-5.641830e-03	-2.125516e-03	-2.925505e-03	2.037502e-02	-3.931218e-03	
9.828210e-04	1.116019e-03	4.403959e-04	5.953258e-04	-3.931218e-03	1.665778e-03	

VAR-COVAR MATRIX: ITER = 11000
2.004546e-03	1.325103e-03	4.744507e-04	7.312651e-04	-4.812587e-03	9.607922e-04	
1.325103e-03	2.385293e-03	5.585651e-04	8.134044e-04	-5.421169e-03	1.061137e-03	
4.744507e-04	5.585651e-04	1.013499e-03	2.926031e-04	-1.977500e-03	3.914153e-04	
7.312651e-04	8.134044e-04	2.926031e-04	1.286908e-03	-2.983492e-03	5.946054e-04	
-4.812587e-03	-5.421169e-03	-1.977500e-03	-2.983492e-03	2.023749e-02	-3.828347e-03	
9.607922e-04	1.061137e-03	3.914153e-04	5.946054e-04	-3.828347e-03	1.593533e-03	

VAR-COVAR MATRIX: ITER = 11500
2.092045e-03	1.410835e-03	5.498030e-04	7.971131e-04	-5.063560e-03	1.029194e-03	
1.410835e-03	2.467248e-03	5.955450e-04	8.846912e-04	-5.636115e-03	1.127356e-03	
5.498030e-04	5.955450e-04	1.046856e-03	3.513456e-04	-2.126460e-03	4.258148e-04	
7.971131e-04	8.846912e-04	3.513456e-04	1.318053e-03	-3.184146e-03	6.476710e-04	
-5.063560e-03	-5.636115e-03	-2.126460e-03	-3.184146e-03	2.074882e-02	-3.996135e-03	
1.029194e-03	1.127356e-03	4.258148e-04	6.476710e-04	-3.996135e-03	1.661863e-03	

VAR-COVAR MATRIX: ITER = 12000
2.011485e-03	1.336281e-03	5.025084e-04	7.279609e-04	-4.864095e-03	9.539061e-04	
1.336281e-03	2.395344e-03	5.761793e-04	8.217922e-04	-5.511320e-03	1.058086e-03	
5.025084e-04	5.761793e-04	1.027054e-03	3.325799e-04	-2.070252e-03	4.255910e-04	
7.279609e-04	8.217922e-04	3.325799e-04	1.271955e-03	-2.958334e-03	5.764828e-04	
-4.864095e-03	-5.511320e-03	-2.070252e-03	-2.958334e-03	2.059155e-02	-3.865947e-03	
9.539061e-04	1.058086e-03	4.255910e-04	5.764828e-04	-3.865947e-03	1.617861e-03	

VAR-COVAR MATRIX: ITER = 12500
2.078847e-03	1.381959e-03	5.299641e-04	7.497938e-04	-4.947296e-03	9.712760e-04	
1.381959e-03	2.420927e-03	5.838545e-04	8.294952e-04	-5.551431e-03	1.071405e-03	
5.299641e-04	5.838545e-04	1.048562e-03	3.274483e-04	-2.082240e-03	4.123496e-04	
7.497938e-04	8.294952e-04	3.274483e-04	1.268650e-03	-2.996652e-03	5.803376e-04	
-4.947296e-03	-5.551431e-03	-2.082240e-03	-2.996652e-03	2.042613e-02	-3.806894e-03	
9.712760e-04	1.071405e-03	4.123496e-04	5.803376e-04	-3.806894e-03	1.605729e-03	

VAR-COVAR MATRIX: ITER = 13000
2.106042e-03	1.421146e-03	5.660901e-04	8.153567e-04	-4.996935e-03	1.016046e-03	
1.421146e-03	2.412350e-03	6.151060e-04	8.877164e-04	-5.536817e-03	1.086270e-03	
5.660901e-04	6.151060e-04	1.072115e-03	3.559578e-04	-2.187466e-03	4.625146e-04	
8.153567e-04	8.877164e-04	3.559578e-04	1.330288e-03	-3.160738e-03	6.268997e-04	
-4.996935e-03	-5.536817e-03	-2.187466e-03	-3.160738e-03	2.015705e-02	-3.893631e-03	
1.016046e-03	1.086270e-03	4.625146e-04	6.268997e-04	-3.893631e-03	1.638453e-03	

VAR-COVAR MATRIX: ITER = 13500
2.102797e-03	1.423295e-03	5.675960e-04	8.273735e-04	-4.998153e-03	1.069001e-03	
1.423295e-03	2.451489e-03	5.988441e-04	9.082548e-04	-5.549362e-03	1.198725e-03	
5.675960e-04	5.988441e-04	1.065820e-03	3.866302e-04	-2.157447e-03	4.695026e-04	
8.273735e-04	9.082548e-04	3.866302e-04	1.348489e-03	-3.232972e-03	6.950131e-04	
-4.998153e-03	-5.549362e-03	-2.157447e-03	-3.232972e-03	2.035630e-02	-4.209807e-03	
1.069001e-03	1.198725e-03	4.695026e-04	6.950131e-04	-4.209807e-03	1.746808e-03	

VAR-COVAR MATRIX: ITER = 14000
2.063609e-03	1.362265e-03	4.832109e-04	7.836754e-04	-4.942643e-03	1.003550e-03	
1.362265e-03	2.382248e-03	5.530702e-04	8.366625e-04	-5.447125e-03	1.085098e-03	
4.832109e-04	5.530702e-04	1.000297e-03	3.077630e-04	-1.935949e-03	3.884496e-04	
7.836754e-04	8.366625e-04	3.077630e-04	1.328978e-03	-3.048834e-03	6.217794e-04	
-4.942643e-03	-5.447125e-03	-1.935949e-03	-3.048834e-03	2.018478e-02	-3.903879e-03	
1.003550e-03	1.085098e-03	3.884496e-04	6.217794e-04	-3.903879e-03	1.662993e-03	

VAR-COVAR MATRIX: ITER = 14500
2.269834e-03	1.584156e-03	6.147411e-04	8.674421e-04	-5.379134e-03	1.146363e-03	
1.584156e-03	2.597045e-03	6.790131e-04	9.617835e-04	-5.881336e-03	1.246043e-03	
6.147411e-04	6.790131e-04	1.085527e-03	3.861385e-04	-2.313303e-03	5.003370e-04	
8.674421e-04	9.617835e-04	3.861385e-04	1.350305e-03	-3.229195e-03	6.854623e-04	
-5.379134e-03	-5.881336e-03	-2.313303e-03	-3.229195e-03	2.055849e-02	-4.227505e-03	
1.146363e-03	1.246043e-03	5.003370e-04	6.854623e-04	-4.227505e-03	1.757056e-03	

VAR-COVAR MATRIX: ITER = 15000
2.095051e-03	1.384866e-03	5.466971e-04	7.589782e-04	-4.939941e-03	9.883117e-04	
1.384866e-03	2.358269e-03	5.962170e-04	8.231208e-04	-5.425521e-03	1.047770e-03	
5.466971e-04	5.962170e-04	1.041778e-03	3.179834e-04	-2.165758e-03	4.292710e-04	
7.589782e-04	8.231208e-04	3.179834e-04	1.302574e-03	-2.993825e-03	5.893684e-04	
-4.939941e-03	-5.425521e-03	-2.165758e-03	-2.993825e-03	2.030054e-02	-3.813263e-03	
9.883117e-04	1.047770e-03	4.292710e-04	5.893684e-04	-3.813263e-03	1.612405e-03	

VAR-COVAR MATRIX: ITER = 15500
2.189042e-03	1.463281e-03	5.697161e-04	8.498461e-04	-5.118216e-03	1.058653e-03	
1.463281e-03	2.468963e-03	6.180034e-04	8.942592e-04	-5.525824e-03	1.123437e-03	
5.697161e-04	6.180034e-04	1.062958e-03	3.535642e-04	-2.164046e-03	4.499314e-04	
8.498461e-04	8.942592e-04	3.535642e-04	1.351873e-03	-3.189737e-03	6.424216e-04	
-5.118216e-03	-5.525824e-03	-2.164046e-03	-3.189737e-03	2.010307e-02	-3.976284e-03	
1.058653e-03	1.123437e-03	4.499314e-04	6.424216e-04	-3.976284e-03	1.660756e-03	

VAR-COVAR MATRIX: ITER = 16000
2.098296e-03	1.389978e-03	5.290551e-04	7.492790e-04	-4.875866e-03	1.000587e-03	
1.389978e-03	2.353935e-03	5.824386e-04	8.240590e-04	-5.321461e-03	1.063473e-03	
5.290551e-04	5.824386e-04	1.031055e-03	3.305207e-04	-2.068587e-03	4.164736e-04	
7.492790e-04	8.240590e-04	3.305207e-04	1.280014e-03	-2.950766e-03	6.032336e-04	
-4.875866e-03	-5.321461e-03	-2.068587e-03	-2.950766e-03	1.951167e-02	-3.810376e-03	
1.000587e-03	1.063473e-03	4.164736e-04	6.032336e-04	-3.810376e-03	1.605632e-03	

VAR-COVAR MATRIX: ITER = 16500
2.242119e-03	1.493318e-03	5.947043e-04	8.673340e-04	-5.263573e-03	1.176837e-03	
1.493318e-03	2.479916e-03	6.067541e-04	9.205929e-04	-5.607105e-03	1.224090e-03	
5.947043e-04	6.067541e-04	1.057581e-03	3.726029e-04	-2.199189e-03	5.042459e-04	
8.673340e-04	9.205929e-04	3.726029e-04	1.359105e-03	-3.225898e-03	7.096256e-04	
-5.263573e-03	-5.607105e-03	-2.199189e-03	-3.225898e-03	2.039437e-02	-4.366429e-03	
1.176837e-03	1.224090e-03	5.042459e-04	7.096256e-04	-4.366429e-03	1.831219e-03	

VAR-COVAR MATRIX: ITER = 17000
2.149298e-03	1.450611e-03	4.940912e-04	8.145858e-04	-5.074327e-03	1.084199e-03	
1.450611e-03	2.467381e-03	5.377700e-04	8.667708e-04	-5.583961e-03	1.186444e-03	
4.940912e-04	5.377700e-04	1.010990e-03	3.134652e-04	-1.938656e-03	4.284556e-04	
8.145858e-04	8.667708e-04	3.134652e-04	1.307150e-03	-3.078603e-03	6.669428e-04	
-5.074327e-03	-5.583961e-03	-1.938656e-03	-3.078603e-03	2.008543e-02	-4.125864e-03	
1.084199e-03	1.186444e-03	4.284556e-04	6.669428e-04	-4.125864e-03	1.764384e-03	

VAR-COVAR MATRIX: ITER = 17500
2.013329e-03	1.365581e-03	4.656711e-04	7.332100e-04	-4.890250e-03	9.708787e-04	
1.365581e-03	2.394026e-03	5.293105e-04	8.028856e-04	-5.513288e-03	1.105827e-03	
4.656711e-04	5.293105e-04	1.019734e-03	2.806925e-04	-1.889725e-03	3.801501e-04	
7.332100e-04	8.028856e-04	2.806925e-04	1.243225e-03	-2.899382e-03	5.892451e-04	
-4.890250e-03	-5.513288e-03	-1.889725e-03	-2.899382e-03	2.047004e-02	-3.936261e-03	
9.708787e-04	1.105827e-03	3.801501e-04	5.892451e-04	-3.936261e-03	1.638350e-03	

VAR-COVAR MATRIX: ITER = 18000
2.191931e-03	1.499083e-03	5.307483e-04	7.996208e-04	-5.218720e-03	1.042129e-03	
1.499083e-03	2.499637e-03	5.545039e-04	8.822195e-04	-5.728457e-03	1.132438e-03	
5.307483e-04	5.545039e-04	1.029342e-03	3.231054e-04	-2.022984e-03	4.195433e-04	
7.996208e-04	8.822195e-04	3.231054e-04	1.300217e-03	-3.051592e-03	6.077033e-04	
-5.218720e-03	-5.728457e-03	-2.022984e-03	-3.051592e-03	2.062057e-02	-3.932509e-03	
1.042129e-03	1.132438e-03	4.195433e-04	6.077033e-04	-3.932509e-03	1.656749e-03	

VAR-COVAR MATRIX: ITER = 18500
2.208753e-03	1.489862e-03	6.028338e-04	8.499583e-04	-5.222555e-03	1.075649e-03	
1.489862e-03	2.490539e-03	6.273548e-04	9.066247e-04	-5.659939e-03	1.144579e-03	
6.028338e-04	6.273548e-04	1.056719e-03	3.763136e-04	-2.217179e-03	4.867463e-04	
8.499583e-04	9.066247e-04	3.763136e-04	1.317516e-03	-3.174678e-03	6.471954e-04	
-5.222555e-03	-5.659939e-03	-2.217179e-03	-3.174678e-03	2.033300e-02	-4.017097e-03	
1.075649e-03	1.144579e-03	4.867463e-04	6.471954e-04	-4.017097e-03	1.701331e-03	

VAR-COVAR MATRIX: ITER = 19000
2.148514e-03	1.458983e-03	5.982704e-04	8.090748e-04	-5.044885e-03	1.048432e-03	
1.458983e-03	2.481817e-03	6.492564e-04	9.076663e-04	-5.581513e-03	1.148791e-03	
5.982704e-04	6.492564e-04	1.084984e-03	3.761274e-04	-2.242049e-03	4.750277e-04	
8.090748e-04	9.076663e-04	3.761274e-04	1.332545e-03	-3.143097e-03	6.554830e-04	
-5.044885e-03	-5.581513e-03	-2.242049e-03	-3.143097e-03	2.006430e-02	-3.976208e-03	
1.048432e-03	1.148791e-03	4.750277e-04	6.554830e-04	-3.976208e-03	1.665051e-03	

VAR-COVAR MATRIX: ITER = 19500
2.122402e-03	1.443997e-03	5.479165e-04	8.623170e-04	-5.002935e-03	1.069780e-03	
1.443997e-03	2.478576e-03	6.333859e-04	9.414030e-04	-5.563495e-03	1.180062e-03	
5.479165e-04	6.333859e-04	1.066189e-03	3.617424e-04	-2.172343e-03	4.466473e-04	
8.623170e-04	9.414030e-04	3.617424e-04	1.391356e-03	-3.296199e-03	6.997293e-04	
-5.002935e-03	-5.563495e-03	-2.172343e-03	-3.296199e-03	1.998367e-02	-4.063238e-03	
1.069780e-03	1.180062e-03	4.466473e-04	6.997293e-04	-4.063238e-03	1.722158e-03	

VAR-COVAR MATRIX: ITER = 20000
2.158159e-03	1.487806e-03	5.718036e-04	8.244497e-04	-5.048772e-03	1.085300e-03	
1.487806e-03	2.546889e-03	6.491911e-04	9.294002e-04	-5.715808e-03	1.215571e-03	
5.718036e-04	6.491911e-04	1.091281e-03	3.762092e-04	-2.220306e-03	4.860085e-04	
8.244497e-04	9.294002e-04	3.762092e-04	1.357054e-03	-3.146871e-03	6.727350e-04	
-5.048772e-03	-5.715808e-03	-2.220306e-03	-3.146871e-03	2.010526e-02	-4.126710e-03	
1.085300e-03	1.215571e-03	4.860085e-04	6.727350e-04	-4.126710e-03	1.749449e-03	

VAR-COVAR MATRIX: ITER = 20500
2.311642e-03	1.640625e-03	6.986930e-04	9.070591e-04	-5.400374e-03	1.205928e-03	
1.640625e-03	2.649008e-03	7.505033e-04	9.708773e-04	-5.928409e-03	1.319357e-03	
6.986930e-04	7.505033e-04	1.141299e-03	4.103372e-04	-2.453715e-03	5.589246e-04	
9.070591e-04	9.708773e-04	4.103372e-04	1.329092e-03	-3.194046e-03	7.139246e-04	
-5.400374e-03	-5.928409e-03	-2.453715e-03	-3.194046e-03	2.022878e-02	-4.324406e-03	
1.205928e-03	1.319357e-03	5.589246e-04	7.139246e-04	-4.324406e-03	1.798087e-03	

VAR-COVAR MATRIX: ITER = 21000
2.109618e-03	1.488952e-03	5.886435e-04	7.747922e-04	-4.994206e-03	1.020305e-03	
1.488952e-03	2.598796e-03	6.940186e-04	8.786970e-04	-5.792716e-03	1.147146e-03	
5.886435e-04	6.940186e-04	1.097466e-03	3.671827e-04	-2.275280e-03	4.626057e-04	
7.747922e-04	8.786970e-04	3.671827e-04	1.266383e-03	-2.937794e-03	6.048816e-04	
-4.994206e-03	-5.792716e-03	-2.275280e-03	-2.937794e-03	1.996102e-02	-3.915231e-03	
1.020305e-03	1.147146e-03	4.626057e-04	6.048816e-04	-3.915231e-03	1.641652e-03	

VAR-COVAR MATRIX: ITER = 21500
2.032021e-03	1.428197e-03	5.529550e-04	7.055203e-04	-4.954298e-03	9.758717e-04	
1.428197e-03	2.534733e-03	6.311217e-04	8.312867e-04	-5.859846e-03	1.137211e-03	
5.529550e-04	6.311217e-04	1.042266e-03	3.288122e-04	-2.223953e-03	4.412642e-04	
7.055203e-04	8.312867e-04	3.288122e-04	1.252298e-03	-2.879462e-03	5.761279e-04	
-4.954298e-03	-5.859846e-03	-2.223953e-03	-2.879462e-03	2.083038e-02	-3.953397e-03	
9.758717e-04	1.137211e-03	4.412642e-04	5.761279e-04	-3.953397e-03	1.621439e-03	

VAR-COVAR MATRIX: ITER = 22000
2.069262e-03	1.465124e-03	4.750839e-04	7.354297e-04	-5.011429e-03	1.007990e-03	
1.465124e-03	2.527707e-03	5.614007e-04	8.531546e-04	-5.870140e-03	1.181787e-03	
4.750839e-04	5.614007e-04	9.984907e-04	2.939796e-04	-1.942693e-03	4.047992e-04	
7.354297e-04	8.531546e-04	2.939796e-04	1.245246e-03	-2.958967e-03	5.844440e-04	
-5.011429e-03	-5.870140e-03	-1.942693e-03	-2.958967e-03	2.100420e-02	-4.055957e-03	
1.007990e-03	1.181787e-03	4.047992e-04	5.844440e-04	-4.055957e-03	1.666903e-03	

VAR-COVAR MATRIX: ITER = 22500
2.004265e-03	1.365980e-03	4.967416e-04	7.004082e-04	-4.827055e-03	9.352601e-04	
1.365980e-03	2.425169e-03	5.658957e-04	8.174209e-04	-5.600432e-03	1.069458e-03	
4.967416e-04	5.658957e-04	1.040482e-03	3.082550e-04	-2.011966e-03	3.980998e-04	
7.004082e-04	8.174209e-04	3.082550e-04	1.246971e-03	-2.875457e-03	5.658300e-04	
-4.827055e-03	-5.600432e-03	-2.011966e-03	-2.875457e-03	2.051992e-02	-3.843130e-03	
9.352601e-04	1.069458e-03	3.980998e-04	5.658300e-04	-3.843130e-03	1.605750e-03	

VAR-COVAR MATRIX: ITER = 23000
2.034982e-03	1.430105e-03	5.565334e-04	7.470560e-04	-4.844840e-03	1.017021e-03	
1.430105e-03	2.501863e-03	6.354681e-04	8.654620e-04	-5.684856e-03	1.155425e-03	
5.565334e-04	6.354681e-04	1.054450e-03	3.530519e-04	-2.159883e-03	4.597807e-04	
7.470560e-04	8.654620e-04	3.530519e-04	1.261032e-03	-2.984120e-03	6.055306e-04	
-4.844840e-03	-5.684856e-03	-2.159883e-03	-2.984120e-03	2.015875e-02	-4.001308e-03	
1.017021e-03	1.155425e-03	4.597807e-04	6.055306e-04	-4.001308e-03	1.690509e-03	

VAR-COVAR MATRIX: ITER = 23500
1.986878e-03	1.337677e-03	4.931402e-04	7.273864e-04	-4.767737e-03	9.846920e-04	
1.337677e-03	2.366741e-03	5.617594e-04	7.844777e-04	-5.411109e-03	1.090872e-03	
4.931402e-04	5.617594e-04	1.017803e-03	3.052589e-04	-2.032296e-03	4.551385e-04	
7.273864e-04	7.844777e-04	3.052589e-04	1.271048e-03	-2.904107e-03	6.061418e-04	
-4.767737e-03	-5.411109e-03	-2.032296e-03	-2.904107e-03	1.992744e-02	-3.944168e-03	
9.846920e-04	1.090872e-03	4.551385e-04	6.061418e-04	-3.944168e-03	1.691999e-03	

VAR-COVAR MATRIX: ITER = 24000
2.020893e-03	1.353198e-03	5.400808e-04	7.667616e-04	-4.828260e-03	1.030990e-03	
1.353198e-03	2.418265e-03	6.106156e-04	8.479236e-04	-5.481509e-03	1.174044e-03	
5.400808e-04	6.106156e-04	1.077742e-03	3.585606e-04	-2.161459e-03	4.817584e-04	
7.667616e-04	8.479236e-04	3.585606e-04	1.309131e-03	-3.041655e-03	6.431061e-04	
-4.828260e-03	-5.481509e-03	-2.161459e-03	-3.041655e-03	2.017330e-02	-4.170919e-03	
1.030990e-03	1.174044e-03	4.817584e-04	6.431061e-04	-4.170919e-03	1.732397e-03	

VAR-COVAR MATRIX: ITER = 24500
2.200136e-03	1.542282e-03	6.489473e-04	8.798992e-04	-5.173813e-03	1.171208e-03	
1.542282e-03	2.559519e-03	7.113973e-04	9.757469e-04	-5.752328e-03	1.310289e-03	
6.489473e-04	7.113973e-04	1.110295e-03	4.307094e-04	-2.440659e-03	5.562286e-04	
8.798992e-04	9.757469e-04	4.307094e-04	1.409677e-03	-3.356862e-03	7.573282e-04	
-5.173813e-03	-5.752328e-03	-2.440659e-03	-3.356862e-03	2.026915e-02	-4.437284e-03	
1.171208e-03	1.310289e-03	5.562286e-04	7.573282e-04	-4.437284e-03	1.880473e-03	

VAR-COVAR MATRIX: ITER = 25000
2.140170e-03	1.491414e-03	6.053501e-04	8.424459e-04	-5.060342e-03	1.132050e-03	
1.491414e-03	2.598385e-03	6.681179e-04	9.416185e-04	-5.779398e-03	1.267517e-03	
6.053501e-04	6.681179e-04	1.064794e-03	3.752929e-04	-2.293218e-03	5.310048e-04	
8.424459e-04	9.416185e-04	3.752929e-04	1.366027e-03	-3.227863e-03	7.428614e-04	
-5.060342e-03	-5.779398e-03	-2.293218e-03	-3.227863e-03	2.023272e-02	-4.322982e-03	
1.132050e-03	1.267517e-03	5.310048e-04	7.428614e-04	-4.322982e-03	1.807007e-03	

VAR-COVAR MATRIX: ITER = 25500
2.056824e-03	1.418581e-03	5.088991e-04	7.661119e-04	-4.978422e-03	1.059533e-03	
1.418581e-03	2.491233e-03	5.838796e-04	9.110406e-04	-5.749587e-03	1.208142e-03	
5.088991e-04	5.838796e-04	1.036917e-03	3.424276e-04	-2.056126e-03	4.555468e-04	
7.661119e-04	9.110406e-04	3.424276e-04	1.329767e-03	-3.173701e-03	6.738790e-04	
-4.978422e-03	-5.749587e-03	-2.056126e-03	-3.173701e-03	2.076633e-02	-4.259391e-03	
1.059533e-03	1.208142e-03	4.555468e-04	6.738790e-04	-4.259391e-03	1.768095e-03	

VAR-COVAR MATRIX: ITER = 26000
2.087457e-03	1.464630e-03	5.176144e-04	7.935180e-04	-5.019328e-03	1.043746e-03	
1.464630e-03	2.531920e-03	5.709596e-04	8.962173e-04	-5.729389e-03	1.161088e-03	
5.176144e-04	5.709596e-04	1.060279e-03	3.403184e-04	-2.015883e-03	4.132859e-04	
7.935180e-04	8.962173e-04	3.403184e-04	1.323143e-03	-3.145396e-03	6.373361e-04	
-5.019328e-03	-5.729389e-03	-2.015883e-03	-3.145396e-03	2.058312e-02	-4.066903e-03	
1.043746e-03	1.161088e-03	4.132859e-04	6.373361e-04	-4.066903e-03	1.699647e-03	

VAR-COVAR MATRIX: ITER = 26500
1.972570e-03	1.340252e-03	5.007533e-04	7.290774e-04	-4.831977e-03	9.479459e-04	
1.340252e-03	2.401701e-03	5.570584e-04	8.482652e-04	-5.550719e-03	1.061775e-03	
5.007533e-04	5.570584e-04	1.015943e-03	3.251596e-04	-2.060894e-03	4.039314e-04	
7.290774e-04	8.482652e-04	3.251596e-04	1.291836e-03	-3.050100e-03	6.059432e-04	
-4.831977e-03	-5.550719e-03	-2.060894e-03	-3.050100e-03	2.084744e-02	-3.942908e-03	
9.479459e-04	1.061775e-03	4.039314e-04	6.059432e-04	-3.942908e-03	1.627663e-03	

VAR-COVAR MATRIX: ITER = 27000
1.976054e-03	1.254722e-03	4.541925e-04	6.671665e-04	-4.757199e-03	8.829950e-04	
1.254722e-03	2.260251e-03	4.992347e-04	7.323033e-04	-5.248282e-03	9.523824e-04	
4.541925e-04	4.992347e-04	1.007690e-03	2.788866e-04	-1.902941e-03	3.449510e-04	
6.671665e-04	7.323033e-04	2.788866e-04	1.210602e-03	-2.796232e-03	5.255326e-04	
-4.757199e-03	-5.248282e-03	-1.902941e-03	-2.796232e-03	2.041080e-02	-3.657059e-03	
8.829950e-04	9.523824e-04	3.449510e-04	5.255326e-04	-3.657059e-03	1.523508e-03	

VAR-COVAR MATRIX: ITER = 27500
2.043354e-03	1.399175e-03	5.490110e-04	7.226195e-04	-4.914277e-03	9.836111e-04	
1.399175e-03	2.478630e-03	6.454017e-04	8.484812e-04	-5.648375e-03	1.120369e-03	
5.490110e-04	6.454017e-04	1.056881e-03	3.398184e-04	-2.200176e-03	4.230629e-04	
7.226195e-04	8.484812e-04	3.398184e-04	1.236327e-03	-2.919283e-03	5.838025e-04	
-4.914277e-03	-5.648375e-03	-2.200176e-03	-2.919283e-03	2.050794e-02	-3.895263e-03	
9.836111e-04	1.120369e-03	4.230629e-04	5.838025e-04	-3.895263e-03	1.625292e-03	

VAR-COVAR MATRIX: ITER = 28000
2.059645e-03	1.345641e-03	5.205342e-04	7.550678e-04	-4.951892e-03	9.732278e-04	
1.345641e-03	2.333857e-03	5.650449e-04	8.298928e-04	-5.449670e-03	1.044973e-03	
5.205342e-04	5.650449e-04	1.045037e-03	3.188989e-04	-2.074667e-03	4.186396e-04	
7.550678e-04	8.298928e-04	3.188989e-04	1.301428e-03	-2.985574e-03	5.524960e-04	
-4.951892e-03	-5.449670e-03	-2.074667e-03	-2.985574e-03	2.054241e-02	-3.811960e-03	
9.732278e-04	1.044973e-03	4.186396e-04	5.524960e-04	-3.811960e-03	1.581534e-03	

VAR-COVAR MATRIX: ITER = 28500
2.071974e-03	1.418470e-03	5.112755e-04	7.399569e-04	-4.959151e-03	1.002227e-03	
1.418470e-03	2.469207e-03	5.704869e-04	8.081288e-04	-5.531013e-03	1.124985e-03	
5.112755e-04	5.704869e-04	1.016368e-03	2.938503e-04	-2.018516e-03	4.008505e-04	
7.399569e-04	8.081288e-04	2.938503e-04	1.227470e-03	-2.862661e-03	5.980999e-04	
-4.959151e-03	-5.531013e-03	-2.018516e-03	-2.862661e-03	2.007216e-02	-3.901730e-03	
1.002227e-03	1.124985e-03	4.008505e-04	5.980999e-04	-3.901730e-03	1.639908e-03	

VAR-COVAR MATRIX: ITER = 29000
2.094623e-03	1.413272e-03	4.873966e-04	7.814534e-04	-4.991601e-03	1.042199e-03	
1.413272e-03	2.406680e-03	5.347150e-04	8.503845e-04	-5.483560e-03	1.139677e-03	
4.873966e-04	5.347150e-04	1.012102e-03	3.169805e-04	-1.930024e-03	3.932565e-04	
7.814534e-04	8.503845e-04	3.169805e-04	1.285686e-03	-3.052594e-03	6.482257e-04	
-4.991601e-03	-5.483560e-03	-1.930024e-03	-3.052594e-03	2.020330e-02	-4.028378e-03	
1.042199e-03	1.139677e-03	3.932565e-04	6.482257e-04	-4.028378e-03	1.684167e-03	

VAR-COVAR MATRIX: ITER = 29500
2.135187e-03	1.440352e-03	5.822675e-04	7.817467e-04	-5.091529e-03	1.048637e-03	
1.440352e-03	2.400848e-03	6.260842e-04	8.332791e-04	-5.547459e-03	1.123907e-03	
5.822675e-04	6.260842e-04	1.076348e-03	3.332005e-04	-2.248997e-03	4.717471e-04	
7.817467e-04	8.332791e-04	3.332005e-04	1.284814e-03	-2.987022e-03	6.132330e-04	
-5.091529e-03	-5.547459e-03	-2.248997e-03	-2.987022e-03	2.048322e-02	-4.022593e-03	
1.048637e-03	1.123907e-03	4.717471e-04	6.132330e-04	-4.022593e-03	1.691056e-03	

VAR-COVAR MATRIX: ITER = 30000
2.014568e-03	1.339194e-03	5.516058e-04	6.909880e-04	-4.791654e-03	9.505533e-04	
1.339194e-03	2.354320e-03	6.022623e-04	7.981489e-04	-5.389834e-03	1.054297e-03	
5.516058e-04	6.022623e-04	1.071951e-03	3.075641e-04	-2.167853e-03	4.284519e-04	
6.909880e-04	7.981489e-04	3.075641e-04	1.221980e-03	-2.814397e-03	5.644869e-04	
-4.791654e-03	-5.389834e-03	-2.167853e-03	-2.814397e-03	2.004907e-02	-3.846169e-03	
9.505533e-04	1.054297e-03	4.284519e-04	5.644869e-04	-3.846169e-03	1.594447e-03	

VAR-COVAR MATRIX: ITER = 30500
2.167998e-03	1.451890e-03	5.906702e-04	7.662369e-04	-5.127738e-03	1.062396e-03	
1.451890e-03	2.415750e-03	6.398797e-04	8.167230e-04	-5.496555e-03	1.113920e-03	
5.906702e-04	6.398797e-04	1.088772e-03	3.478732e-04	-2.268632e-03	4.879245e-04	
7.662369e-04	8.167230e-04	3.478732e-04	1.266245e-03	-2.942946e-03	6.131235e-04	
-5.127738e-03	-5.496555e-03	-2.268632e-03	-2.942946e-03	2.030040e-02	-4.023150e-03	
1.062396e-03	1.113920e-03	4.879245e-04	6.131235e-04	-4.023150e-03	1.684442e-03	

VAR-COVAR MATRIX: ITER = 31000
2.065863e-03	1.340839e-03	5.198422e-04	6.900848e-04	-4.955003e-03	9.865926e-04	
1.340839e-03	2.325424e-03	5.733865e-04	7.473915e-04	-5.422791e-03	1.060090e-03	
5.198422e-04	5.733865e-04	1.062693e-03	3.152239e-04	-2.148355e-03	4.383965e-04	
6.900848e-04	7.473915e-04	3.152239e-04	1.210554e-03	-2.794263e-03	5.431450e-04	
-4.955003e-03	-5.422791e-03	-2.148355e-03	-2.794263e-03	2.078761e-02	-3.975912e-03	
9.865926e-04	1.060090e-03	4.383965e-04	5.431450e-04	-3.975912e-03	1.650188e-03	

VAR-COVAR MATRIX: ITER = 31500
1.969732e-03	1.347901e-03	5.443566e-04	7.479861e-04	-4.774397e-03	9.554381e-04	
1.347901e-03	2.408481e-03	6.101442e-04	8.446620e-04	-5.510188e-03	1.083225e-03	
5.443566e-04	6.101442e-04	1.045114e-03	3.563720e-04	-2.244889e-03	4.414590e-04	
7.479861e-04	8.446620e-04	3.563720e-04	1.273653e-03	-3.029202e-03	5.981496e-04	
-4.774397e-03	-5.510188e-03	-2.244889e-03	-3.029202e-03	2.040403e-02	-3.882604e-03	
9.554381e-04	1.083225e-03	4.414590e-04	5.981496e-04	-3.882604e-03	1.603944e-03	

VAR-COVAR MATRIX: ITER = 32000
2.066360e-03	1.350957e-03	5.810152e-04	7.356731e-04	-4.908129e-03	9.774143e-04	
1.350957e-03	2.383181e-03	6.369720e-04	7.959337e-04	-5.464580e-03	1.072814e-03	
5.810152e-04	6.369720e-04	1.086099e-03	3.490279e-04	-2.305728e-03	4.590392e-04	
7.356731e-04	7.959337e-04	3.490279e-04	1.241735e-03	-2.943199e-03	5.827018e-04	
-4.908129e-03	-5.464580e-03	-2.305728e-03	-2.943199e-03	2.039212e-02	-3.884493e-03	
9.774143e-04	1.072814e-03	4.590392e-04	5.827018e-04	-3.884493e-03	1.620434e-03	

VAR-COVAR MATRIX: ITER = 32500
2.060990e-03	1.405472e-03	5.323375e-04	6.960479e-04	-4.932002e-03	9.323862e-04	
1.405472e-03	2.458175e-03	5.980547e-04	7.907542e-04	-5.570850e-03	1.026290e-03	
5.323375e-04	5.980547e-04	1.038473e-03	3.121315e-04	-2.117844e-03	4.133645e-04	
6.960479e-04	7.907542e-04	3.121315e-04	1.235892e-03	-2.846568e-03	5.369539e-04	
-4.932002e-03	-5.570850e-03	-2.117844e-03	-2.846568e-03	2.042571e-02	-3.697010e-03	
9.323862e-04	1.026290e-03	4.133645e-04	5.369539e-04	-3.697010e-03	1.549726e-03	

VAR-COVAR MATRIX: ITER = 33000
2.027364e-03	1.395124e-03	5.459004e-04	7.227745e-04	-4.902689e-03	9.574218e-04	
1.395124e-03	2.440861e-03	6.481952e-04	8.217779e-04	-5.653080e-03	1.081125e-03	
5.459004e-04	6.481952e-04	1.088253e-03	3.408391e-04	-2.265995e-03	4.303100e-04	
7.227745e-04	8.217779e-04	3.408391e-04	1.260004e-03	-2.958259e-03	5.708113e-04	
-4.902689e-03	-5.653080e-03	-2.265995e-03	-2.958259e-03	2.066134e-02	-3.816875e-03	
9.574218e-04	1.081125e-03	4.303100e-04	5.708113e-04	-3.816875e-03	1.603470e-03	

VAR-COVAR MATRIX: ITER = 33500
2.125373e-03	1.460919e-03	5.805799e-04	8.030351e-04	-5.039937e-03	1.022083e-03	
1.460919e-03	2.484991e-03	6.356506e-04	8.945006e-04	-5.652721e-03	1.140312e-03	
5.805799e-04	6.356506e-04	1.082686e-03	3.538934e-04	-2.258666e-03	4.648705e-04	
8.030351e-04	8.945006e-04	3.538934e-04	1.335269e-03	-3.113547e-03	6.316081e-04	
-5.039937e-03	-5.652721e-03	-2.258666e-03	-3.113547e-03	2.022274e-02	-3.959618e-03	
1.022083e-03	1.140312e-03	4.648705e-04	6.316081e-04	-3.959618e-03	1.663992e-03	

VAR-COVAR MATRIX: ITER = 34000
1.986715e-03	1.333056e-03	4.942728e-04	7.488241e-04	-4.713002e-03	9.832209e-04	
1.333056e-03	2.405509e-03	5.517831e-04	8.380346e-04	-5.379575e-03	1.138792e-03	
4.942728e-04	5.517831e-04	1.060835e-03	3.367387e-04	-2.008100e-03	4.215865e-04	
7.488241e-04	8.380346e-04	3.367387e-04	1.317046e-03	-3.027177e-03	6.305821e-04	
-4.713002e-03	-5.379575e-03	-2.008100e-03	-3.027177e-03	1.961972e-02	-3.955102e-03	
9.832209e-04	1.138792e-03	4.215865e-04	6.305821e-04	-3.955102e-03	1.686553e-03	

VAR-COVAR MATRIX: ITER = 34500
1.992237e-03	1.341847e-03	5.210840e-04	7.691520e-04	-4.810223e-03	1.018656e-03	
1.341847e-03	2.367449e-03	5.766409e-04	8.442023e-04	-5.452618e-03	1.140576e-03	
5.210840e-04	5.766409e-04	1.051761e-03	3.531089e-04	-2.147229e-03	4.649833e-04	
7.691520e-04	8.442023e-04	3.531089e-04	1.312936e-03	-3.120524e-03	6.639945e-04	
-4.810223e-03	-5.452618e-03	-2.147229e-03	-3.120524e-03	2.041517e-02	-4.140085e-03	
1.018656e-03	1.140576e-03	4.649833e-04	6.639945e-04	-4.140085e-03	1.727751e-03	

VAR-COVAR MATRIX: ITER = 35000
2.124395e-03	1.433742e-03	5.787749e-04	8.136115e-04	-5.031348e-03	1.069146e-03	
1.433742e-03	2.405386e-03	6.216876e-04	8.998896e-04	-5.520085e-03	1.152899e-03	
5.787749e-04	6.216876e-04	1.093007e-03	3.723283e-04	-2.271369e-03	4.846075e-04	
8.136115e-04	8.998896e-04	3.723283e-04	1.345319e-03	-3.150165e-03	6.872917e-04	
-5.031348e-03	-5.520085e-03	-2.271369e-03	-3.150165e-03	2.021321e-02	-4.112802e-03	
1.069146e-03	1.152899e-03	4.846075e-04	6.872917e-04	-4.112802e-03	1.720785e-03	

VAR-COVAR MATRIX: ITER = 35500
2.135058e-03	1.416888e-03	5.628965e-04	8.309765e-04	-5.150012e-03	1.022736e-03	
1.416888e-03	2.389656e-03	6.101975e-04	8.933554e-04	-5.552639e-03	1.090229e-03	
5.628965e-04	6.101975e-04	1.063835e-03	3.519316e-04	-2.220847e-03	4.495857e-04	
8.309765e-04	8.933554e-04	3.519316e-04	1.349154e-03	-3.255086e-03	6.369390e-04	
-5.150012e-03	-5.552639e-03	-2.220847e-03	-3.255086e-03	2.079223e-02	-3.932775e-03	
1.022736e-03	1.090229e-03	4.495857e-04	6.369390e-04	-3.932775e-03	1.656929e-03	

VAR-COVAR MATRIX: ITER = 36000
2.143316e-03	1.417180e-03	5.686488e-04	7.940025e-04	-5.026077e-03	1.040444e-03	
1.417180e-03	2.417305e-03	6.170306e-04	8.240281e-04	-5.452830e-03	1.114928e-03	
5.686488e-04	6.170306e-04	1.068875e-03	3.423260e-04	-2.183689e-03	4.531731e-04	
7.940025e-04	8.240281e-04	3.423260e-04	1.289566e-03	-2.993873e-03	6.377389e-04	
-5.026077e-03	-5.452830e-03	-2.183689e-03	-2.993873e-03	1.987437e-02	-3.945749e-03	
1.040444e-03	1.114928e-03	4.531731e-04	6.377389e-04	-3.945749e-03	1.682939e-03	

VAR-COVAR MATRIX: ITER = 36500
2.028845e-03	1.349232e-03	4.840118e-04	6.912379e-04	-4.953135e-03	9.606205e-04	
1.349232e-03	2.352420e-03	5.147538e-04	7.776532e-04	-5.474803e-03	1.058120e-03	
4.840118e-04	5.147538e-04	1.013239e-03	2.778695e-04	-1.991388e-03	3.946275e-04	
6.912379e-04	7.776532e-04	2.778695e-04	1.211861e-03	-2.830498e-03	5.467678e-04	
-4.953135e-03	-5.474803e-03	-1.991388e-03	-2.830498e-03	2.094199e-02	-3.878355e-03	
9.606205e-04	1.058120e-03	3.946275e-04	5.467678e-04	-3.878355e-03	1.631486e-03	

VAR-COVAR MATRIX: ITER = 37000
2.072442e-03	1.428237e-03	5.463042e-04	7.539273e-04	-4.961925e-03	1.033956e-03	
1.428237e-03	2.467267e-03	6.143189e-04	8.487787e-04	-5.638741e-03	1.152727e-03	
5.463042e-04	6.143189e-04	1.054965e-03	3.162320e-04	-2.185543e-03	4.629286e-04	
7.539273e-04	8.487787e-04	3.162320e-04	1.249997e-03	-2.963590e-03	6.108045e-04	
-4.961925e-03	-5.638741e-03	-2.185543e-03	-2.963590e-03	2.046563e-02	-4.057155e-03	
1.033956e-03	1.152727e-03	4.629286e-04	6.108045e-04	-4.057155e-03	1.677167e-03	

VAR-COVAR MATRIX: ITER = 37500
2.053732e-03	1.443847e-03	5.803763e-04	7.476888e-04	-4.994748e-03	1.068966e-03	
1.443847e-03	2.557821e-03	6.493886e-04	8.653470e-04	-5.741549e-03	1.209678e-03	
5.803763e-04	6.493886e-04	1.088648e-03	3.762769e-04	-2.274720e-03	4.992601e-04	
7.476888e-04	8.653470e-04	3.762769e-04	1.284517e-03	-2.961227e-03	6.327027e-04	
-4.994748e-03	-5.741549e-03	-2.274720e-03	-2.961227e-03	2.052234e-02	-4.199250e-03	
1.068966e-03	1.209678e-03	4.992601e-04	6.327027e-04	-4.199250e-03	1.746353e-03	

VAR-COVAR MATRIX: ITER = 38000
2.150045e-03	1.429062e-03	5.598782e-04	7.609541e-04	-5.030580e-03	1.079660e-03	
1.429062e-03	2.449689e-03	6.164265e-04	8.330938e-04	-5.572820e-03	1.180075e-03	
5.598782e-04	6.164265e-04	1.044603e-03	3.173779e-04	-2.147981e-03	4.525266e-04	
7.609541e-04	8.330938e-04	3.173779e-04	1.251576e-03	-2.922580e-03	6.048817e-04	
-5.030580e-03	-5.572820e-03	-2.147981e-03	-2.922580e-03	2.037512e-02	-4.131202e-03	
1.079660e-03	1.180075e-03	4.525266e-04	6.048817e-04	-4.131202e-03	1.729854e-03	

VAR-COVAR MATRIX: ITER = 38500
2.054868e-03	1.415623e-03	5.590138e-04	7.530255e-04	-4.999197e-03	1.026949e-03	
1.415623e-03	2.429128e-03	6.071307e-04	8.163909e-04	-5.627256e-03	1.157978e-03	
5.590138e-04	6.071307e-04	1.066735e-03	3.407281e-04	-2.216714e-03	4.638891e-04	
7.530255e-04	8.163909e-04	3.407281e-04	1.259126e-03	-2.957885e-03	6.187247e-04	
-4.999197e-03	-5.627256e-03	-2.216714e-03	-2.957885e-03	2.080564e-02	-4.123775e-03	
