2.119662e-03	1.438906e-03	5.986389e-04	7.960253e-04	-5.040055e-03	1.098194e-03	
1.438906e-03	2.449478e-03	6.485930e-04	8.794552e-04	-5.592295e-03	1.197294e-03	
5.986389e-04	6.485930e-04	1.081550e-03	3.768746e-04	-2.312898e-03	4.884801e-04	
7.960253e-04	8.794552e-04	3.768746e-04	1.323258e-03	-3.096025e-03	6.692036e-04	
-5.040055e-03	-5.592295e-03	-2.312898e-03	-3.096025e-03	2.026835e-02	-4.134049e-03	
1.098194e-03	1.197294e-03	4.884801e-04	6.692036e-04	-4.134049e-03	1.741933e-03	
