2.087132e-03	1.407345e-03	6.099271e-04	8.426868e-04	-5.025541e-03	1.068161e-03	
1.407345e-03	2.450416e-03	6.588934e-04	9.327981e-04	-5.598837e-03	1.168605e-03	
6.099271e-04	6.588934e-04	1.115458e-03	4.125514e-04	-2.380167e-03	5.083328e-04	
8.426868e-04	9.327981e-04	4.125514e-04	1.383594e-03	-3.321099e-03	7.135919e-04	
-5.025541e-03	-5.598837e-03	-2.380167e-03	-3.321099e-03	2.058725e-02	-4.164204e-03	
1.068161e-03	1.168605e-03	5.083328e-04	7.135919e-04	-4.164204e-03	1.742119e-03	
