0.00207403077777778	0.00141068733333333	0.000568819177777778	0.000772033355555556	-0.004969459	0.00101284356666667
0.00141068733333333	0.002451697	0.000622402511111111	0.000858727377777778	-0.00560390066666667	0.00112448211111111
0.000568819177777778	0.000622402511111111	0.00107670044444444	0.000355913366666667	-0.002233395	0.000455039266666667
0.000772033355555556	0.000858727377777778	0.000355913366666667	0.001296051	-0.003040936	0.000619785511111111
-0.004969459	-0.00560390066666667	-0.002233395	-0.003040936	0.0204570633333333	-0.00397142066666667
0.00101284356666667	0.00112448211111111	0.000455039266666667	0.000619785511111111	-0.00397142066666667	0.00166162833333333
