2.099921e-03	1.431341e-03	5.567575e-04	8.097035e-04	-5.076765e-03	1.013963e-03	
1.431341e-03	2.474627e-03	6.288806e-04	8.809974e-04	-5.663576e-03	1.118626e-03	
5.567575e-04	6.288806e-04	1.089858e-03	3.551753e-04	-2.226422e-03	4.514378e-04	
8.097035e-04	8.809974e-04	3.551753e-04	1.314821e-03	-3.174583e-03	6.382603e-04	
-5.076765e-03	-5.663576e-03	-2.226422e-03	-3.174583e-03	2.078290e-02	-4.014597e-03	
1.013963e-03	1.118626e-03	4.514378e-04	6.382603e-04	-4.014597e-03	1.679368e-03	
