3.718417e-04	3.547382e-06	-8.788959e-07	-1.159995e-06	-5.865907e-06	3.221567e-06	
3.547382e-06	3.697917e-04	3.626130e-06	-3.154002e-06	-4.187127e-06	3.238893e-06	
-8.788959e-07	3.626130e-06	3.773746e-04	3.469695e-06	-3.429460e-06	-3.882907e-06	
-1.159995e-06	-3.154002e-06	3.469695e-06	3.727920e-04	5.516398e-07	2.829492e-07	
-5.865907e-06	-4.187127e-06	-3.429460e-06	5.516398e-07	3.891187e-04	-2.488481e-06	
3.221567e-06	3.238893e-06	-3.882907e-06	2.829492e-07	-2.488481e-06	3.720455e-04	
