===== BAYENV2.0 =====

input file is set
number of populations is set
number of iterations is set
seed is set
TEST = 0 . So running matrix estimation
MCMC VER 0.71 (THREADED)
ITERATIONS = 100000
INPUT FILE = Y2017_filtered_snpsfile_8621.txt
SEED = -88234

num_alleles = 17242.000000
number of loci = 8621
VAR-COVAR MATRIX: ITER = 500
2.163774e-03	1.348251e-03	4.574165e-04	6.784885e-04	-5.064184e-03	8.313134e-04	
1.348251e-03	2.633324e-03	4.999264e-04	7.228267e-04	-5.746529e-03	8.779178e-04	
4.574165e-04	4.999264e-04	1.150460e-03	2.954792e-04	-2.053088e-03	3.371790e-04	
6.784885e-04	7.228267e-04	2.954792e-04	1.359758e-03	-2.931084e-03	4.659132e-04	
-5.064184e-03	-5.746529e-03	-2.053088e-03	-2.931084e-03	2.151652e-02	-3.495675e-03	
8.313134e-04	8.779178e-04	3.371790e-04	4.659132e-04	-3.495675e-03	1.697619e-03	

VAR-COVAR MATRIX: ITER = 1000
2.109072e-03	1.405675e-03	5.561774e-04	7.432371e-04	-5.095726e-03	9.673982e-04	
1.405675e-03	2.418684e-03	5.887581e-04	7.874841e-04	-5.644659e-03	1.037705e-03	
5.561774e-04	5.887581e-04	1.045095e-03	3.344788e-04	-2.197108e-03	4.197991e-04	
7.432371e-04	7.874841e-04	3.344788e-04	1.239741e-03	-2.904122e-03	5.491628e-04	
-5.095726e-03	-5.644659e-03	-2.197108e-03	-2.904122e-03	2.114608e-02	-3.813093e-03	
9.673982e-04	1.037705e-03	4.197991e-04	5.491628e-04	-3.813093e-03	1.575823e-03	

VAR-COVAR MATRIX: ITER = 1500
2.048545e-03	1.384966e-03	5.298374e-04	7.312868e-04	-4.906299e-03	9.703448e-04	
1.384966e-03	2.383875e-03	5.829977e-04	8.107141e-04	-5.470766e-03	1.046469e-03	
5.298374e-04	5.829977e-04	1.042911e-03	3.364567e-04	-2.124708e-03	4.119600e-04	
7.312868e-04	8.107141e-04	3.364567e-04	1.248699e-03	-2.929139e-03	5.588643e-04	
-4.906299e-03	-5.470766e-03	-2.124708e-03	-2.929139e-03	2.012877e-02	-3.739929e-03	
9.703448e-04	1.046469e-03	4.119600e-04	5.588643e-04	-3.739929e-03	1.606480e-03	

VAR-COVAR MATRIX: ITER = 2000
2.082212e-03	1.369353e-03	5.615807e-04	7.497051e-04	-4.988781e-03	9.675617e-04	
1.369353e-03	2.362445e-03	5.896941e-04	7.842051e-04	-5.427693e-03	1.060217e-03	
5.615807e-04	5.896941e-04	1.067399e-03	3.300248e-04	-2.186031e-03	4.244387e-04	
7.497051e-04	7.842051e-04	3.300248e-04	1.268430e-03	-2.941793e-03	5.653501e-04	
-4.988781e-03	-5.427693e-03	-2.186031e-03	-2.941793e-03	2.054410e-02	-3.863758e-03	
9.675617e-04	1.060217e-03	4.244387e-04	5.653501e-04	-3.863758e-03	1.612524e-03	

VAR-COVAR MATRIX: ITER = 2500
2.035284e-03	1.359743e-03	5.425998e-04	7.398457e-04	-4.956920e-03	1.006404e-03	
1.359743e-03	2.373736e-03	6.190775e-04	8.213207e-04	-5.474038e-03	1.105724e-03	
5.425998e-04	6.190775e-04	1.093254e-03	3.417532e-04	-2.232052e-03	4.724814e-04	
7.398457e-04	8.213207e-04	3.417532e-04	1.249241e-03	-2.979290e-03	6.167606e-04	
-4.956920e-03	-5.474038e-03	-2.232052e-03	-2.979290e-03	2.060489e-02	-4.013108e-03	
1.006404e-03	1.105724e-03	4.724814e-04	6.167606e-04	-4.013108e-03	1.677652e-03	

VAR-COVAR MATRIX: ITER = 3000
2.143078e-03	1.429563e-03	6.148956e-04	7.781968e-04	-5.170574e-03	1.058259e-03	
1.429563e-03	2.423094e-03	6.626794e-04	8.387766e-04	-5.588516e-03	1.126823e-03	
6.148956e-04	6.626794e-04	1.104422e-03	3.459275e-04	-2.400809e-03	5.074522e-04	
7.781968e-04	8.387766e-04	3.459275e-04	1.291245e-03	-3.039227e-03	5.981725e-04	
-5.170574e-03	-5.588516e-03	-2.400809e-03	-3.039227e-03	2.097517e-02	-4.096283e-03	
1.058259e-03	1.126823e-03	5.074522e-04	5.981725e-04	-4.096283e-03	1.719646e-03	

VAR-COVAR MATRIX: ITER = 3500
2.081973e-03	1.381578e-03	5.589770e-04	7.877895e-04	-4.945738e-03	1.065466e-03	
1.381578e-03	2.406874e-03	6.266305e-04	8.887255e-04	-5.477383e-03	1.138551e-03	
5.589770e-04	6.266305e-04	1.094144e-03	3.778730e-04	-2.226091e-03	4.980870e-04	
7.877895e-04	8.887255e-04	3.778730e-04	1.323736e-03	-3.089328e-03	6.410921e-04	
-4.945738e-03	-5.477383e-03	-2.226091e-03	-3.089328e-03	2.023200e-02	-4.065213e-03	
1.065466e-03	1.138551e-03	4.980870e-04	6.410921e-04	-4.065213e-03	1.750380e-03	

VAR-COVAR MATRIX: ITER = 4000
2.125676e-03	1.453099e-03	6.104116e-04	8.103100e-04	-5.049671e-03	1.095634e-03	
1.453099e-03	2.521842e-03	6.617248e-04	9.123921e-04	-5.679072e-03	1.203551e-03	
6.104116e-04	6.617248e-04	1.111548e-03	3.716120e-04	-2.331407e-03	5.118418e-04	
8.103100e-04	9.123921e-04	3.716120e-04	1.317611e-03	-3.130634e-03	6.583272e-04	
-5.049671e-03	-5.679072e-03	-2.331407e-03	-3.130634e-03	2.021597e-02	-4.145854e-03	
1.095634e-03	1.203551e-03	5.118418e-04	6.583272e-04	-4.145854e-03	1.760072e-03	

VAR-COVAR MATRIX: ITER = 4500
2.095092e-03	1.445240e-03	5.968174e-04	7.491988e-04	-4.991757e-03	1.061662e-03	
1.445240e-03	2.529233e-03	6.908094e-04	8.382629e-04	-5.740186e-03	1.212782e-03	
5.968174e-04	6.908094e-04	1.110500e-03	3.613744e-04	-2.409122e-03	5.031270e-04	
7.491988e-04	8.382629e-04	3.613744e-04	1.269273e-03	-2.991191e-03	6.171309e-04	
-4.991757e-03	-5.740186e-03	-2.409122e-03	-2.991191e-03	2.053503e-02	-4.183763e-03	
1.061662e-03	1.212782e-03	5.031270e-04	6.171309e-04	-4.183763e-03	1.761035e-03	

VAR-COVAR MATRIX: ITER = 5000
2.067725e-03	1.444745e-03	6.332528e-04	7.625666e-04	-4.961545e-03	1.036789e-03	
1.444745e-03	2.506779e-03	7.053863e-04	8.343518e-04	-5.718599e-03	1.178778e-03	
6.332528e-04	7.053863e-04	1.108931e-03	3.773268e-04	-2.495415e-03	5.181563e-04	
7.625666e-04	8.343518e-04	3.773268e-04	1.258602e-03	-2.976734e-03	6.102327e-04	
-4.961545e-03	-5.718599e-03	-2.495415e-03	-2.976734e-03	2.045551e-02	-4.051639e-03	
1.036789e-03	1.178778e-03	5.181563e-04	6.102327e-04	-4.051639e-03	1.713780e-03	

VAR-COVAR MATRIX: ITER = 5500
2.119560e-03	1.434509e-03	6.199604e-04	8.326825e-04	-5.013889e-03	9.940653e-04	
1.434509e-03	2.483297e-03	6.928780e-04	9.057768e-04	-5.631617e-03	1.116519e-03	
6.199604e-04	6.928780e-04	1.152258e-03	4.133761e-04	-2.433644e-03	4.904042e-04	
8.326825e-04	9.057768e-04	4.133761e-04	1.363261e-03	-3.236488e-03	6.433379e-04	
-5.013889e-03	-5.631617e-03	-2.433644e-03	-3.236488e-03	2.032059e-02	-3.885512e-03	
9.940653e-04	1.116519e-03	4.904042e-04	6.433379e-04	-3.885512e-03	1.625980e-03	

VAR-COVAR MATRIX: ITER = 6000
2.055593e-03	1.418026e-03	5.555488e-04	8.009514e-04	-4.883571e-03	9.467428e-04	
1.418026e-03	2.453415e-03	6.284745e-04	9.220942e-04	-5.617085e-03	1.076010e-03	
5.555488e-04	6.284745e-04	1.048514e-03	3.683837e-04	-2.207802e-03	4.220428e-04	
8.009514e-04	9.220942e-04	3.683837e-04	1.330647e-03	-3.185429e-03	6.209132e-04	
-4.883571e-03	-5.617085e-03	-2.207802e-03	-3.185429e-03	2.025408e-02	-3.746925e-03	
9.467428e-04	1.076010e-03	4.220428e-04	6.209132e-04	-3.746925e-03	1.549589e-03	

VAR-COVAR MATRIX: ITER = 6500
2.083021e-03	1.425045e-03	6.228182e-04	8.251097e-04	-4.941178e-03	9.560978e-04	
1.425045e-03	2.495863e-03	6.934641e-04	9.318951e-04	-5.640286e-03	1.092084e-03	
6.228182e-04	6.934641e-04	1.115347e-03	3.915997e-04	-2.315523e-03	4.513285e-04	
8.251097e-04	9.318951e-04	3.915997e-04	1.348808e-03	-3.229479e-03	6.142809e-04	
-4.941178e-03	-5.640286e-03	-2.315523e-03	-3.229479e-03	1.994268e-02	-3.713161e-03	
9.560978e-04	1.092084e-03	4.513285e-04	6.142809e-04	-3.713161e-03	1.581715e-03	

VAR-COVAR MATRIX: ITER = 7000
2.114114e-03	1.437327e-03	5.979500e-04	8.096056e-04	-4.978113e-03	1.007436e-03	
1.437327e-03	2.475779e-03	6.700076e-04	9.036491e-04	-5.600339e-03	1.115843e-03	
5.979500e-04	6.700076e-04	1.119920e-03	3.892701e-04	-2.298835e-03	4.493117e-04	
8.096056e-04	9.036491e-04	3.892701e-04	1.333788e-03	-3.176691e-03	6.477757e-04	
-4.978113e-03	-5.600339e-03	-2.298835e-03	-3.176691e-03	2.021091e-02	-3.931539e-03	
1.007436e-03	1.115843e-03	4.493117e-04	6.477757e-04	-3.931539e-03	1.627777e-03	

VAR-COVAR MATRIX: ITER = 7500
2.160757e-03	1.433743e-03	5.606903e-04	7.886769e-04	-5.146674e-03	1.019696e-03	
1.433743e-03	2.420248e-03	6.141154e-04	8.620054e-04	-5.584803e-03	1.088790e-03	
5.606903e-04	6.141154e-04	1.051815e-03	3.373112e-04	-2.158078e-03	4.551116e-04	
7.886769e-04	8.620054e-04	3.373112e-04	1.304548e-03	-3.093362e-03	6.037139e-04	
-5.146674e-03	-5.584803e-03	-2.158078e-03	-3.093362e-03	2.077708e-02	-3.909382e-03	
1.019696e-03	1.088790e-03	4.551116e-04	6.037139e-04	-3.909382e-03	1.607025e-03	

VAR-COVAR MATRIX: ITER = 8000
2.042608e-03	1.351302e-03	5.110396e-04	7.121185e-04	-4.851731e-03	9.612801e-04	
1.351302e-03	2.318796e-03	5.241653e-04	7.628516e-04	-5.351390e-03	1.031565e-03	
5.110396e-04	5.241653e-04	1.002652e-03	3.053451e-04	-1.967326e-03	3.866186e-04	
7.121185e-04	7.628516e-04	3.053451e-04	1.235741e-03	-2.809480e-03	5.492779e-04	
-4.851731e-03	-5.351390e-03	-1.967326e-03	-2.809480e-03	2.006142e-02	-3.773136e-03	
9.612801e-04	1.031565e-03	3.866186e-04	5.492779e-04	-3.773136e-03	1.619636e-03	

VAR-COVAR MATRIX: ITER = 8500
2.170968e-03	1.429568e-03	5.425001e-04	7.207549e-04	-5.116644e-03	1.077994e-03	
1.429568e-03	2.366708e-03	5.799375e-04	7.438064e-04	-5.445981e-03	1.116383e-03	
5.425001e-04	5.799375e-04	1.031051e-03	2.791168e-04	-2.050411e-03	4.212461e-04	
7.207549e-04	7.438064e-04	2.791168e-04	1.201681e-03	-2.720774e-03	5.622351e-04	
-5.116644e-03	-5.445981e-03	-2.050411e-03	-2.720774e-03	2.018830e-02	-4.016933e-03	
1.077994e-03	1.116383e-03	4.212461e-04	5.622351e-04	-4.016933e-03	1.695488e-03	

VAR-COVAR MATRIX: ITER = 9000
2.122811e-03	1.442079e-03	5.626679e-04	7.607482e-04	-5.058156e-03	1.064474e-03	
1.442079e-03	2.414444e-03	6.085288e-04	8.413786e-04	-5.530203e-03	1.164835e-03	
5.626679e-04	6.085288e-04	1.076605e-03	3.322058e-04	-2.155075e-03	4.552914e-04	
7.607482e-04	8.413786e-04	3.322058e-04	1.249718e-03	-2.893739e-03	6.237723e-04	
-5.058156e-03	-5.530203e-03	-2.155075e-03	-2.893739e-03	2.002508e-02	-4.073251e-03	
1.064474e-03	1.164835e-03	4.552914e-04	6.237723e-04	-4.073251e-03	1.691022e-03	

VAR-COVAR MATRIX: ITER = 9500
2.223824e-03	1.510695e-03	6.135369e-04	8.065575e-04	-5.214360e-03	1.093015e-03	
1.510695e-03	2.465174e-03	6.580941e-04	8.462787e-04	-5.598436e-03	1.144345e-03	
6.135369e-04	6.580941e-04	1.097163e-03	3.688492e-04	-2.279200e-03	4.844096e-04	
8.065575e-04	8.462787e-04	3.688492e-04	1.286034e-03	-2.987417e-03	6.166374e-04	
-5.214360e-03	-5.598436e-03	-2.279200e-03	-2.987417e-03	2.016906e-02	-3.976391e-03	
1.093015e-03	1.144345e-03	4.844096e-04	6.166374e-04	-3.976391e-03	1.659017e-03	

VAR-COVAR MATRIX: ITER = 10000
2.055079e-03	1.423768e-03	5.148370e-04	7.305721e-04	-4.935151e-03	1.041387e-03	
1.423768e-03	2.499728e-03	5.833984e-04	8.336634e-04	-5.687357e-03	1.167704e-03	
5.148370e-04	5.833984e-04	1.041192e-03	3.131651e-04	-2.023967e-03	4.539295e-04	
7.305721e-04	8.336634e-04	3.131651e-04	1.242693e-03	-2.923494e-03	6.139171e-04	
-4.935151e-03	-5.687357e-03	-2.023967e-03	-2.923494e-03	2.047046e-02	-4.125626e-03	
1.041387e-03	1.167704e-03	4.539295e-04	6.139171e-04	-4.125626e-03	1.725019e-03	

VAR-COVAR MATRIX: ITER = 10500
2.096544e-03	1.486318e-03	5.770655e-04	7.559421e-04	-4.909427e-03	1.069778e-03	
1.486318e-03	2.573084e-03	6.781802e-04	8.630865e-04	-5.725248e-03	1.243265e-03	
5.770655e-04	6.781802e-04	1.092362e-03	3.472205e-04	-2.252451e-03	5.050831e-04	
7.559421e-04	8.630865e-04	3.472205e-04	1.255023e-03	-2.892333e-03	6.249265e-04	
-4.909427e-03	-5.725248e-03	-2.252451e-03	-2.892333e-03	1.983420e-02	-4.167489e-03	
1.069778e-03	1.243265e-03	5.050831e-04	6.249265e-04	-4.167489e-03	1.777226e-03	

VAR-COVAR MATRIX: ITER = 11000
2.106343e-03	1.454873e-03	5.867289e-04	7.438467e-04	-5.020066e-03	1.062382e-03	
1.454873e-03	2.478727e-03	6.712493e-04	8.331633e-04	-5.644845e-03	1.173877e-03	
5.867289e-04	6.712493e-04	1.078065e-03	3.480868e-04	-2.287033e-03	5.053110e-04	
7.438467e-04	8.331633e-04	3.480868e-04	1.261876e-03	-2.911509e-03	6.305175e-04	
-5.020066e-03	-5.644845e-03	-2.287033e-03	-2.911509e-03	2.036977e-02	-4.095581e-03	
1.062382e-03	1.173877e-03	5.053110e-04	6.305175e-04	-4.095581e-03	1.732640e-03	

VAR-COVAR MATRIX: ITER = 11500
2.171897e-03	1.517699e-03	6.346311e-04	8.328419e-04	-5.189926e-03	1.148226e-03	
1.517699e-03	2.547271e-03	7.047692e-04	9.156302e-04	-5.797078e-03	1.274428e-03	
6.346311e-04	7.047692e-04	1.101629e-03	3.880766e-04	-2.371632e-03	5.268150e-04	
8.328419e-04	9.156302e-04	3.880766e-04	1.307706e-03	-3.129354e-03	7.022573e-04	
-5.189926e-03	-5.797078e-03	-2.371632e-03	-3.129354e-03	2.047871e-02	-4.342814e-03	
1.148226e-03	1.274428e-03	5.268150e-04	7.022573e-04	-4.342814e-03	1.819318e-03	

VAR-COVAR MATRIX: ITER = 12000
2.169881e-03	1.513109e-03	6.323306e-04	8.694143e-04	-5.091556e-03	1.110166e-03	
1.513109e-03	2.621932e-03	6.997020e-04	9.590185e-04	-5.804296e-03	1.256998e-03	
6.323306e-04	6.997020e-04	1.125094e-03	4.215590e-04	-2.359487e-03	5.227703e-04	
8.694143e-04	9.590185e-04	4.215590e-04	1.381120e-03	-3.263627e-03	7.000400e-04	
-5.091556e-03	-5.804296e-03	-2.359487e-03	-3.263627e-03	2.007739e-02	-4.207806e-03	
1.110166e-03	1.256998e-03	5.227703e-04	7.000400e-04	-4.207806e-03	1.767174e-03	

VAR-COVAR MATRIX: ITER = 12500
2.181831e-03	1.479370e-03	6.295798e-04	8.049204e-04	-5.188713e-03	1.104117e-03	
1.479370e-03	2.504918e-03	6.895398e-04	8.707397e-04	-5.735964e-03	1.196982e-03	
6.295798e-04	6.895398e-04	1.109591e-03	3.833298e-04	-2.431063e-03	5.005424e-04	
8.049204e-04	8.707397e-04	3.833298e-04	1.301818e-03	-3.112392e-03	6.487948e-04	
-5.188713e-03	-5.735964e-03	-2.431063e-03	-3.112392e-03	2.083405e-02	-4.192816e-03	
1.104117e-03	1.196982e-03	5.005424e-04	6.487948e-04	-4.192816e-03	1.744119e-03	

VAR-COVAR MATRIX: ITER = 13000
2.103647e-03	1.427911e-03	5.510345e-04	7.985501e-04	-4.970748e-03	1.034653e-03	
1.427911e-03	2.484537e-03	6.119860e-04	8.928965e-04	-5.644490e-03	1.142830e-03	
5.510345e-04	6.119860e-04	1.068371e-03	3.722261e-04	-2.176308e-03	4.596932e-04	
7.985501e-04	8.928965e-04	3.722261e-04	1.318851e-03	-3.155716e-03	6.515626e-04	
-4.970748e-03	-5.644490e-03	-2.176308e-03	-3.155716e-03	2.017113e-02	-4.008685e-03	
1.034653e-03	1.142830e-03	4.596932e-04	6.515626e-04	-4.008685e-03	1.690239e-03	

VAR-COVAR MATRIX: ITER = 13500
2.084153e-03	1.428446e-03	5.874865e-04	7.968894e-04	-4.996059e-03	1.050439e-03	
1.428446e-03	2.452514e-03	6.415957e-04	9.016339e-04	-5.633522e-03	1.163949e-03	
5.874865e-04	6.415957e-04	1.088336e-03	3.760728e-04	-2.309013e-03	4.788062e-04	
7.968894e-04	9.016339e-04	3.760728e-04	1.304290e-03	-3.186738e-03	6.744417e-04	
-4.996059e-03	-5.633522e-03	-2.309013e-03	-3.186738e-03	2.054886e-02	-4.130675e-03	
1.050439e-03	1.163949e-03	4.788062e-04	6.744417e-04	-4.130675e-03	1.714327e-03	

VAR-COVAR MATRIX: ITER = 14000
2.049549e-03	1.414656e-03	5.389092e-04	7.534227e-04	-4.972074e-03	1.014550e-03	
1.414656e-03	2.464319e-03	6.481297e-04	8.558844e-04	-5.633145e-03	1.144307e-03	
5.389092e-04	6.481297e-04	1.049511e-03	3.516618e-04	-2.166682e-03	4.376434e-04	
7.534227e-04	8.558844e-04	3.516618e-04	1.290595e-03	-3.014606e-03	6.288260e-04	
-4.972074e-03	-5.633145e-03	-2.166682e-03	-3.014606e-03	2.048012e-02	-4.012746e-03	
1.014550e-03	1.144307e-03	4.376434e-04	6.288260e-04	-4.012746e-03	1.685231e-03	

VAR-COVAR MATRIX: ITER = 14500
2.150173e-03	1.493272e-03	6.055604e-04	8.127577e-04	-5.098499e-03	1.106760e-03	
1.493272e-03	2.523649e-03	6.574345e-04	8.974689e-04	-5.707651e-03	1.232445e-03	
6.055604e-04	6.574345e-04	1.101781e-03	3.666433e-04	-2.250505e-03	5.160553e-04	
8.127577e-04	8.974689e-04	3.666433e-04	1.317222e-03	-3.094193e-03	6.850322e-04	
-5.098499e-03	-5.707651e-03	-2.250505e-03	-3.094193e-03	2.013420e-02	-4.195467e-03	
1.106760e-03	1.232445e-03	5.160553e-04	6.850322e-04	-4.195467e-03	1.770237e-03	

VAR-COVAR MATRIX: ITER = 15000
2.047496e-03	1.402234e-03	5.152891e-04	7.317004e-04	-4.892296e-03	1.011520e-03	
1.402234e-03	2.397619e-03	5.778403e-04	8.035498e-04	-5.545707e-03	1.108527e-03	
5.152891e-04	5.778403e-04	1.026229e-03	3.132802e-04	-2.027418e-03	4.209834e-04	
7.317004e-04	8.035498e-04	3.132802e-04	1.232101e-03	-2.885263e-03	5.876955e-04	
-4.892296e-03	-5.545707e-03	-2.027418e-03	-2.885263e-03	2.029211e-02	-3.981451e-03	
1.011520e-03	1.108527e-03	4.209834e-04	5.876955e-04	-3.981451e-03	1.663330e-03	

VAR-COVAR MATRIX: ITER = 15500
2.031048e-03	1.367854e-03	5.256916e-04	7.480996e-04	-4.847353e-03	9.912327e-04	
1.367854e-03	2.374547e-03	5.912376e-04	8.215618e-04	-5.421149e-03	1.100463e-03	
5.256916e-04	5.912376e-04	1.055295e-03	3.353949e-04	-2.121772e-03	4.473525e-04	
7.480996e-04	8.215618e-04	3.353949e-04	1.271779e-03	-2.990683e-03	6.156905e-04	
-4.847353e-03	-5.421149e-03	-2.121772e-03	-2.990683e-03	2.017875e-02	-3.961265e-03	
9.912327e-04	1.100463e-03	4.473525e-04	6.156905e-04	-3.961265e-03	1.665705e-03	

VAR-COVAR MATRIX: ITER = 16000
2.066608e-03	1.400688e-03	5.388408e-04	7.399096e-04	-4.967686e-03	9.862895e-04	
1.400688e-03	2.404789e-03	5.835978e-04	7.974962e-04	-5.558060e-03	1.093559e-03	
5.388408e-04	5.835978e-04	1.052059e-03	3.267092e-04	-2.182951e-03	4.314135e-04	
7.399096e-04	7.974962e-04	3.267092e-04	1.284381e-03	-2.974808e-03	5.857682e-04	
-4.967686e-03	-5.558060e-03	-2.182951e-03	-2.974808e-03	2.060123e-02	-3.910939e-03	
9.862895e-04	1.093559e-03	4.314135e-04	5.857682e-04	-3.910939e-03	1.607714e-03	

VAR-COVAR MATRIX: ITER = 16500
2.002592e-03	1.313086e-03	4.536637e-04	7.072883e-04	-4.784749e-03	9.885597e-04	
1.313086e-03	2.337886e-03	5.179699e-04	8.051105e-04	-5.359264e-03	1.102886e-03	
4.536637e-04	5.179699e-04	1.017139e-03	2.754908e-04	-1.909971e-03	4.034735e-04	
7.072883e-04	8.051105e-04	2.754908e-04	1.243805e-03	-2.897505e-03	6.075798e-04	
-4.784749e-03	-5.359264e-03	-1.909971e-03	-2.897505e-03	2.016135e-02	-3.971745e-03	
9.885597e-04	1.102886e-03	4.034735e-04	6.075798e-04	-3.971745e-03	1.663302e-03	

VAR-COVAR MATRIX: ITER = 17000
2.006568e-03	1.379912e-03	5.162721e-04	7.524843e-04	-4.879282e-03	9.900746e-04	
1.379912e-03	2.456398e-03	5.888514e-04	8.326624e-04	-5.645069e-03	1.136569e-03	
5.162721e-04	5.888514e-04	1.041765e-03	3.420993e-04	-2.093120e-03	4.288360e-04	
7.524843e-04	8.326624e-04	3.420993e-04	1.251342e-03	-3.036259e-03	6.239601e-04	
-4.879282e-03	-5.645069e-03	-2.093120e-03	-3.036259e-03	2.072726e-02	-4.058897e-03	
9.900746e-04	1.136569e-03	4.288360e-04	6.239601e-04	-4.058897e-03	1.652294e-03	

VAR-COVAR MATRIX: ITER = 17500
2.056188e-03	1.397897e-03	5.217686e-04	7.641795e-04	-4.923997e-03	9.717867e-04	
1.397897e-03	2.402558e-03	5.616497e-04	8.267245e-04	-5.469986e-03	1.079129e-03	
5.217686e-04	5.616497e-04	1.024072e-03	3.326551e-04	-2.049329e-03	4.076987e-04	
7.641795e-04	8.267245e-04	3.326551e-04	1.290789e-03	-3.041441e-03	5.999991e-04	
-4.923997e-03	-5.469986e-03	-2.049329e-03	-3.041441e-03	2.029223e-02	-3.869682e-03	
9.717867e-04	1.079129e-03	4.076987e-04	5.999991e-04	-3.869682e-03	1.622669e-03	

VAR-COVAR MATRIX: ITER = 18000
1.934793e-03	1.322625e-03	4.518323e-04	6.862042e-04	-4.748197e-03	9.156546e-04	
1.322625e-03	2.393708e-03	5.097248e-04	7.821861e-04	-5.511758e-03	1.032806e-03	
4.518323e-04	5.097248e-04	9.918992e-04	2.870665e-04	-1.913427e-03	3.611752e-04	
6.862042e-04	7.821861e-04	2.870665e-04	1.224744e-03	-2.839184e-03	5.482171e-04	
-4.748197e-03	-5.511758e-03	-1.913427e-03	-2.839184e-03	2.070508e-02	-3.768068e-03	
9.156546e-04	1.032806e-03	3.611752e-04	5.482171e-04	-3.768068e-03	1.571804e-03	

VAR-COVAR MATRIX: ITER = 18500
2.062265e-03	1.480927e-03	5.920625e-04	7.880927e-04	-4.989132e-03	1.062810e-03	
1.480927e-03	2.581118e-03	6.793247e-04	9.140609e-04	-5.822510e-03	1.227604e-03	
5.920625e-04	6.793247e-04	1.099666e-03	3.713140e-04	-2.331400e-03	5.106980e-04	
7.880927e-04	9.140609e-04	3.713140e-04	1.296677e-03	-3.115446e-03	6.869135e-04	
-4.989132e-03	-5.822510e-03	-2.331400e-03	-3.115446e-03	2.055697e-02	-4.216609e-03	
1.062810e-03	1.227604e-03	5.106980e-04	6.869135e-04	-4.216609e-03	1.775810e-03	

VAR-COVAR MATRIX: ITER = 19000
2.177471e-03	1.496102e-03	6.233756e-04	7.995644e-04	-5.082637e-03	1.127360e-03	
1.496102e-03	2.534390e-03	6.823360e-04	8.792809e-04	-5.623417e-03	1.235258e-03	
6.233756e-04	6.823360e-04	1.095998e-03	3.610202e-04	-2.312505e-03	5.156439e-04	
7.995644e-04	8.792809e-04	3.610202e-04	1.295355e-03	-3.000934e-03	6.752039e-04	
-5.082637e-03	-5.623417e-03	-2.312505e-03	-3.000934e-03	1.984007e-02	-4.191047e-03	
1.127360e-03	1.235258e-03	5.156439e-04	6.752039e-04	-4.191047e-03	1.777431e-03	

VAR-COVAR MATRIX: ITER = 19500
2.139200e-03	1.446292e-03	5.527305e-04	7.269353e-04	-5.075377e-03	1.058599e-03	
1.446292e-03	2.462230e-03	6.146908e-04	7.889259e-04	-5.588486e-03	1.146666e-03	
5.527305e-04	6.146908e-04	1.058330e-03	3.284699e-04	-2.164348e-03	4.394793e-04	
7.269353e-04	7.889259e-04	3.284699e-04	1.224290e-03	-2.836677e-03	5.856795e-04	
-5.075377e-03	-5.588486e-03	-2.164348e-03	-2.836677e-03	2.039717e-02	-4.039005e-03	
1.058599e-03	1.146666e-03	4.394793e-04	5.856795e-04	-4.039005e-03	1.682483e-03	

VAR-COVAR MATRIX: ITER = 20000
2.110279e-03	1.377096e-03	5.165997e-04	7.142021e-04	-5.017870e-03	9.739363e-04	
1.377096e-03	2.368045e-03	5.411762e-04	7.567250e-04	-5.462682e-03	1.064068e-03	
5.165997e-04	5.411762e-04	1.033034e-03	2.932391e-04	-2.016178e-03	4.045476e-04	
7.142021e-04	7.567250e-04	2.932391e-04	1.223787e-03	-2.832769e-03	5.612313e-04	
-5.017870e-03	-5.462682e-03	-2.016178e-03	-2.832769e-03	2.058142e-02	-3.895610e-03	
9.739363e-04	1.064068e-03	4.045476e-04	5.612313e-04	-3.895610e-03	1.617205e-03	

VAR-COVAR MATRIX: ITER = 20500
2.049240e-03	1.345987e-03	4.638166e-04	6.954188e-04	-4.891815e-03	9.961268e-04	
1.345987e-03	2.355438e-03	5.287240e-04	7.331024e-04	-5.440719e-03	1.082111e-03	
4.638166e-04	5.287240e-04	1.007390e-03	2.765240e-04	-1.921033e-03	3.888088e-04	
6.954188e-04	7.331024e-04	2.765240e-04	1.177673e-03	-2.765816e-03	5.506861e-04	
-4.891815e-03	-5.440719e-03	-1.921033e-03	-2.765816e-03	2.036446e-02	-3.923709e-03	
9.961268e-04	1.082111e-03	3.888088e-04	5.506861e-04	-3.923709e-03	1.656941e-03	

VAR-COVAR MATRIX: ITER = 21000
2.052151e-03	1.330070e-03	4.785949e-04	7.301804e-04	-4.995846e-03	9.602816e-04	
1.330070e-03	2.299165e-03	5.108969e-04	7.681376e-04	-5.443858e-03	1.033491e-03	
4.785949e-04	5.108969e-04	9.995366e-04	2.948123e-04	-1.918350e-03	3.661358e-04	
7.301804e-04	7.681376e-04	2.948123e-04	1.246319e-03	-2.930551e-03	5.483507e-04	
-4.995846e-03	-5.443858e-03	-1.918350e-03	-2.930551e-03	2.096221e-02	-3.891219e-03	
9.602816e-04	1.033491e-03	3.661358e-04	5.483507e-04	-3.891219e-03	1.580163e-03	

VAR-COVAR MATRIX: ITER = 21500
2.129687e-03	1.440282e-03	5.727267e-04	8.215166e-04	-5.077058e-03	1.033203e-03	
1.440282e-03	2.461492e-03	6.072913e-04	8.758451e-04	-5.651252e-03	1.131539e-03	
5.727267e-04	6.072913e-04	1.054224e-03	3.339751e-04	-2.166653e-03	4.283050e-04	
8.215166e-04	8.758451e-04	3.339751e-04	1.296088e-03	-3.106037e-03	6.301378e-04	
-5.077058e-03	-5.651252e-03	-2.166653e-03	-3.106037e-03	2.060706e-02	-4.024028e-03	
1.033203e-03	1.131539e-03	4.283050e-04	6.301378e-04	-4.024028e-03	1.683175e-03	

VAR-COVAR MATRIX: ITER = 22000
2.229316e-03	1.491223e-03	5.791535e-04	8.540951e-04	-5.250482e-03	1.135552e-03	
1.491223e-03	2.418616e-03	6.057296e-04	8.914106e-04	-5.558448e-03	1.171302e-03	
5.791535e-04	6.057296e-04	1.074386e-03	3.305539e-04	-2.179140e-03	4.716341e-04	
8.540951e-04	8.914106e-04	3.305539e-04	1.356066e-03	-3.189436e-03	6.776439e-04	
-5.250482e-03	-5.558448e-03	-2.179140e-03	-3.189436e-03	2.043644e-02	-4.159509e-03	
1.135552e-03	1.171302e-03	4.716341e-04	6.776439e-04	-4.159509e-03	1.727928e-03	

VAR-COVAR MATRIX: ITER = 22500
2.107247e-03	1.415723e-03	5.520815e-04	8.073660e-04	-5.062803e-03	1.017918e-03	
1.415723e-03	2.407178e-03	5.862425e-04	8.627656e-04	-5.503494e-03	1.095419e-03	
5.520815e-04	5.862425e-04	1.055222e-03	3.267165e-04	-2.104760e-03	3.971936e-04	
8.073660e-04	8.627656e-04	3.267165e-04	1.314615e-03	-3.104050e-03	6.127129e-04	
-5.062803e-03	-5.503494e-03	-2.104760e-03	-3.104050e-03	2.042970e-02	-3.940236e-03	
1.017918e-03	1.095419e-03	3.971936e-04	6.127129e-04	-3.940236e-03	1.652954e-03	

VAR-COVAR MATRIX: ITER = 23000
2.104804e-03	1.416159e-03	5.344002e-04	8.020438e-04	-5.049697e-03	1.018844e-03	
1.416159e-03	2.396828e-03	5.745536e-04	8.651354e-04	-5.452587e-03	1.104504e-03	
5.344002e-04	5.745536e-04	1.023531e-03	3.549106e-04	-2.073080e-03	4.104194e-04	
8.020438e-04	8.651354e-04	3.549106e-04	1.310335e-03	-3.137651e-03	6.334752e-04	
-5.049697e-03	-5.452587e-03	-2.073080e-03	-3.137651e-03	2.020849e-02	-3.937777e-03	
1.018844e-03	1.104504e-03	4.104194e-04	6.334752e-04	-3.937777e-03	1.667619e-03	

VAR-COVAR MATRIX: ITER = 23500
2.116214e-03	1.476774e-03	5.472730e-04	7.855875e-04	-5.099880e-03	1.059711e-03	
1.476774e-03	2.552226e-03	6.161650e-04	8.727343e-04	-5.809618e-03	1.185010e-03	
5.472730e-04	6.161650e-04	1.026219e-03	3.246961e-04	-2.121860e-03	4.479719e-04	
7.855875e-04	8.727343e-04	3.246961e-04	1.271341e-03	-3.050861e-03	6.421381e-04	
-5.099880e-03	-5.809618e-03	-2.121860e-03	-3.050861e-03	2.073026e-02	-4.143589e-03	
1.059711e-03	1.185010e-03	4.479719e-04	6.421381e-04	-4.143589e-03	1.730527e-03	

VAR-COVAR MATRIX: ITER = 24000
2.110389e-03	1.400882e-03	5.089222e-04	7.789057e-04	-4.997408e-03	1.009001e-03	
1.400882e-03	2.407378e-03	5.125425e-04	8.472132e-04	-5.509643e-03	1.069290e-03	
5.089222e-04	5.125425e-04	1.021728e-03	3.088543e-04	-1.928515e-03	4.051978e-04	
7.789057e-04	8.472132e-04	3.088543e-04	1.302504e-03	-3.031831e-03	6.185706e-04	
-4.997408e-03	-5.509643e-03	-1.928515e-03	-3.031831e-03	2.025042e-02	-3.865646e-03	
1.009001e-03	1.069290e-03	4.051978e-04	6.185706e-04	-3.865646e-03	1.625591e-03	

VAR-COVAR MATRIX: ITER = 24500
2.174813e-03	1.448455e-03	5.813405e-04	8.375597e-04	-5.151496e-03	1.052710e-03	
1.448455e-03	2.446537e-03	6.227110e-04	8.991967e-04	-5.570641e-03	1.126665e-03	
5.813405e-04	6.227110e-04	1.077038e-03	3.497765e-04	-2.204019e-03	4.619105e-04	
8.375597e-04	8.991967e-04	3.497765e-04	1.337990e-03	-3.169834e-03	6.295531e-04	
-5.151496e-03	-5.570641e-03	-2.204019e-03	-3.169834e-03	2.030726e-02	-4.004293e-03	
1.052710e-03	1.126665e-03	4.619105e-04	6.295531e-04	-4.004293e-03	1.690449e-03	

VAR-COVAR MATRIX: ITER = 25000
2.033867e-03	1.395470e-03	5.972002e-04	8.165893e-04	-4.860226e-03	1.012122e-03	
1.395470e-03	2.436983e-03	6.661525e-04	9.056272e-04	-5.562069e-03	1.119566e-03	
5.972002e-04	6.661525e-04	1.093853e-03	4.059980e-04	-2.328038e-03	4.871317e-04	
8.165893e-04	9.056272e-04	4.059980e-04	1.356265e-03	-3.227805e-03	6.757720e-04	
-4.860226e-03	-5.562069e-03	-2.328038e-03	-3.227805e-03	2.004497e-02	-3.981752e-03	
1.012122e-03	1.119566e-03	4.871317e-04	6.757720e-04	-3.981752e-03	1.660378e-03	

VAR-COVAR MATRIX: ITER = 25500
2.160726e-03	1.522804e-03	5.927709e-04	8.073710e-04	-5.106667e-03	1.049396e-03	
1.522804e-03	2.589293e-03	6.819893e-04	9.136214e-04	-5.892089e-03	1.200389e-03	
5.927709e-04	6.819893e-04	1.095650e-03	3.702307e-04	-2.293159e-03	4.938415e-04	
8.073710e-04	9.136214e-04	3.702307e-04	1.294997e-03	-3.139306e-03	6.260539e-04	
-5.106667e-03	-5.892089e-03	-2.293159e-03	-3.139306e-03	2.057682e-02	-4.039953e-03	
1.049396e-03	1.200389e-03	4.938415e-04	6.260539e-04	-4.039953e-03	1.687057e-03	

VAR-COVAR MATRIX: ITER = 26000
2.039528e-03	1.391357e-03	5.070056e-04	7.287519e-04	-4.954676e-03	9.616020e-04	
1.391357e-03	2.427768e-03	5.508118e-04	8.221547e-04	-5.629101e-03	1.072571e-03	
5.070056e-04	5.508118e-04	1.028121e-03	3.132679e-04	-2.022368e-03	3.917513e-04	
7.287519e-04	8.221547e-04	3.132679e-04	1.235205e-03	-2.930136e-03	5.598258e-04	
-4.954676e-03	-5.629101e-03	-2.022368e-03	-2.930136e-03	2.086299e-02	-3.845541e-03	
9.616020e-04	1.072571e-03	3.917513e-04	5.598258e-04	-3.845541e-03	1.569684e-03	

VAR-COVAR MATRIX: ITER = 26500
2.142193e-03	1.447058e-03	5.753920e-04	7.827576e-04	-5.068013e-03	1.059511e-03	
1.447058e-03	2.438129e-03	6.271753e-04	8.449997e-04	-5.590477e-03	1.165558e-03	
5.753920e-04	6.271753e-04	1.099432e-03	3.484586e-04	-2.253404e-03	4.839361e-04	
7.827576e-04	8.449997e-04	3.484586e-04	1.283779e-03	-2.995696e-03	6.193238e-04	
-5.068013e-03	-5.590477e-03	-2.253404e-03	-2.995696e-03	2.016093e-02	-4.046023e-03	
1.059511e-03	1.165558e-03	4.839361e-04	6.193238e-04	-4.046023e-03	1.694005e-03	

VAR-COVAR MATRIX: ITER = 27000
2.151697e-03	1.467381e-03	5.751462e-04	7.657298e-04	-5.001980e-03	1.049811e-03	
1.467381e-03	2.478357e-03	6.364159e-04	8.453634e-04	-5.573383e-03	1.160291e-03	
5.751462e-04	6.364159e-04	1.071769e-03	3.313094e-04	-2.169999e-03	4.646666e-04	
7.657298e-04	8.453634e-04	3.313094e-04	1.269785e-03	-2.926104e-03	6.260476e-04	
-5.001980e-03	-5.573383e-03	-2.169999e-03	-2.926104e-03	1.970225e-02	-3.982599e-03	
1.049811e-03	1.160291e-03	4.646666e-04	6.260476e-04	-3.982599e-03	1.671262e-03	

VAR-COVAR MATRIX: ITER = 27500
2.204728e-03	1.489351e-03	5.939024e-04	8.106774e-04	-5.202215e-03	1.081645e-03	
1.489351e-03	2.428109e-03	5.986635e-04	8.556494e-04	-5.581121e-03	1.128160e-03	
5.939024e-04	5.986635e-04	1.058982e-03	3.271336e-04	-2.189171e-03	4.518278e-04	
8.106774e-04	8.556494e-04	3.271336e-04	1.290048e-03	-3.035374e-03	6.428740e-04	
-5.202215e-03	-5.581121e-03	-2.189171e-03	-3.035374e-03	2.037651e-02	-4.055841e-03	
1.081645e-03	1.128160e-03	4.518278e-04	6.428740e-04	-4.055841e-03	1.670512e-03	

VAR-COVAR MATRIX: ITER = 28000
2.134770e-03	1.406960e-03	6.274663e-04	7.669108e-04	-5.033178e-03	1.027561e-03	
1.406960e-03	2.372453e-03	6.581346e-04	8.066933e-04	-5.382606e-03	1.066417e-03	
6.274663e-04	6.581346e-04	1.098076e-03	3.698934e-04	-2.394027e-03	4.962921e-04	
7.669108e-04	8.066933e-04	3.698934e-04	1.245916e-03	-2.956174e-03	6.082338e-04	
-5.033178e-03	-5.382606e-03	-2.394027e-03	-2.956174e-03	2.000560e-02	-3.891496e-03	
1.027561e-03	1.066417e-03	4.962921e-04	6.082338e-04	-3.891496e-03	1.657411e-03	

VAR-COVAR MATRIX: ITER = 28500
2.159738e-03	1.443369e-03	6.077382e-04	8.299411e-04	-5.183933e-03	1.048026e-03	
1.443369e-03	2.408738e-03	6.500148e-04	8.648411e-04	-5.559746e-03	1.119979e-03	
6.077382e-04	6.500148e-04	1.102914e-03	3.955466e-04	-2.341377e-03	4.951646e-04	
8.299411e-04	8.648411e-04	3.955466e-04	1.328632e-03	-3.180679e-03	6.685614e-04	
-5.183933e-03	-5.559746e-03	-2.341377e-03	-3.180679e-03	2.076170e-02	-4.088554e-03	
1.048026e-03	1.119979e-03	4.951646e-04	6.685614e-04	-4.088554e-03	1.696609e-03	

VAR-COVAR MATRIX: ITER = 29000
2.142016e-03	1.447441e-03	5.864510e-04	7.811975e-04	-5.073890e-03	1.051379e-03	
1.447441e-03	2.446909e-03	6.532970e-04	8.210182e-04	-5.574771e-03	1.134745e-03	
5.864510e-04	6.532970e-04	1.085292e-03	3.574313e-04	-2.267628e-03	4.764330e-04	
7.811975e-04	8.210182e-04	3.574313e-04	1.272805e-03	-2.931105e-03	6.035279e-04	
-5.073890e-03	-5.574771e-03	-2.267628e-03	-2.931105e-03	2.023962e-02	-3.972200e-03	
1.051379e-03	1.134745e-03	4.764330e-04	6.035279e-04	-3.972200e-03	1.685556e-03	

VAR-COVAR MATRIX: ITER = 29500
2.229785e-03	1.490112e-03	6.562812e-04	7.779463e-04	-5.291082e-03	1.078963e-03	
1.490112e-03	2.426089e-03	6.816299e-04	8.096272e-04	-5.585818e-03	1.117760e-03	
6.562812e-04	6.816299e-04	1.104022e-03	3.474100e-04	-2.434716e-03	5.164293e-04	
7.779463e-04	8.096272e-04	3.474100e-04	1.242347e-03	-2.919170e-03	5.897540e-04	
-5.291082e-03	-5.585818e-03	-2.434716e-03	-2.919170e-03	2.052637e-02	-3.996508e-03	
1.078963e-03	1.117760e-03	5.164293e-04	5.897540e-04	-3.996508e-03	1.670779e-03	

VAR-COVAR MATRIX: ITER = 30000
2.155661e-03	1.484271e-03	5.994580e-04	8.081345e-04	-5.134806e-03	1.091824e-03	
1.484271e-03	2.553610e-03	6.774535e-04	9.036448e-04	-5.850834e-03	1.226126e-03	
5.994580e-04	6.774535e-04	1.101350e-03	3.661318e-04	-2.349857e-03	5.011230e-04	
8.081345e-04	9.036448e-04	3.661318e-04	1.325520e-03	-3.145904e-03	6.736556e-04	
-5.134806e-03	-5.850834e-03	-2.349857e-03	-3.145904e-03	2.067001e-02	-4.209133e-03	
1.091824e-03	1.226126e-03	5.011230e-04	6.736556e-04	-4.209133e-03	1.769791e-03	

VAR-COVAR MATRIX: ITER = 30500
2.099399e-03	1.462743e-03	5.071970e-04	7.838641e-04	-4.951023e-03	1.020243e-03	
1.462743e-03	2.499030e-03	5.900533e-04	8.606663e-04	-5.595576e-03	1.115789e-03	
5.071970e-04	5.900533e-04	1.046113e-03	3.140414e-04	-2.016163e-03	4.160843e-04	
7.838641e-04	8.606663e-04	3.140414e-04	1.297933e-03	-3.009054e-03	6.207269e-04	
-4.951023e-03	-5.595576e-03	-2.016163e-03	-3.009054e-03	1.980236e-02	-3.830405e-03	
1.020243e-03	1.115789e-03	4.160843e-04	6.207269e-04	-3.830405e-03	1.644308e-03	

VAR-COVAR MATRIX: ITER = 31000
2.025743e-03	1.380790e-03	5.322436e-04	7.303022e-04	-4.831703e-03	9.469603e-04	
1.380790e-03	2.465271e-03	6.063149e-04	8.373590e-04	-5.571025e-03	1.060267e-03	
5.322436e-04	6.063149e-04	1.055889e-03	3.286509e-04	-2.086082e-03	4.188105e-04	
7.303022e-04	8.373590e-04	3.286509e-04	1.264736e-03	-2.938715e-03	5.847698e-04	
-4.831703e-03	-5.571025e-03	-2.086082e-03	-2.938715e-03	2.010584e-02	-3.735272e-03	
9.469603e-04	1.060267e-03	4.188105e-04	5.847698e-04	-3.735272e-03	1.583798e-03	

VAR-COVAR MATRIX: ITER = 31500
2.044323e-03	1.396155e-03	5.095371e-04	7.356414e-04	-4.895584e-03	9.866644e-04	
1.396155e-03	2.503902e-03	5.840217e-04	8.267939e-04	-5.629923e-03	1.127242e-03	
5.095371e-04	5.840217e-04	1.049579e-03	3.124861e-04	-2.050547e-03	4.118791e-04	
7.356414e-04	8.267939e-04	3.124861e-04	1.210788e-03	-2.886300e-03	5.858164e-04	
-4.895584e-03	-5.629923e-03	-2.050547e-03	-2.886300e-03	2.029583e-02	-3.932145e-03	
9.866644e-04	1.127242e-03	4.118791e-04	5.858164e-04	-3.932145e-03	1.642738e-03	

VAR-COVAR MATRIX: ITER = 32000
2.129041e-03	1.484241e-03	5.487305e-04	7.996388e-04	-5.042715e-03	1.053955e-03	
1.484241e-03	2.576100e-03	6.474349e-04	9.113571e-04	-5.814635e-03	1.188891e-03	
5.487305e-04	6.474349e-04	1.057670e-03	3.583554e-04	-2.207595e-03	4.642495e-04	
7.996388e-04	9.113571e-04	3.583554e-04	1.270001e-03	-3.088298e-03	6.377405e-04	
-5.042715e-03	-5.814635e-03	-2.207595e-03	-3.088298e-03	2.045260e-02	-4.052442e-03	
1.053955e-03	1.188891e-03	4.642495e-04	6.377405e-04	-4.052442e-03	1.687592e-03	

VAR-COVAR MATRIX: ITER = 32500
2.034651e-03	1.402408e-03	5.558245e-04	7.661307e-04	-4.977560e-03	9.612685e-04	
1.402408e-03	2.463138e-03	6.034691e-04	8.482167e-04	-5.688764e-03	1.087802e-03	
5.558245e-04	6.034691e-04	1.054531e-03	3.286020e-04	-2.211176e-03	4.479232e-04	
7.661307e-04	8.482167e-04	3.286020e-04	1.303865e-03	-3.044449e-03	5.942993e-04	
-4.977560e-03	-5.688764e-03	-2.211176e-03	-3.044449e-03	2.084028e-02	-3.885815e-03	
9.612685e-04	1.087802e-03	4.479232e-04	5.942993e-04	-3.885815e-03	1.588680e-03	

VAR-COVAR MATRIX: ITER = 33000
1.999065e-03	1.372109e-03	5.658030e-04	7.338068e-04	-4.836019e-03	9.356222e-04	
1.372109e-03	2.405820e-03	6.368436e-04	8.140793e-04	-5.543157e-03	1.026264e-03	
5.658030e-04	6.368436e-04	1.096924e-03	3.287073e-04	-2.263713e-03	4.641703e-04	
7.338068e-04	8.140793e-04	3.287073e-04	1.280324e-03	-2.955372e-03	5.619407e-04	
-4.836019e-03	-5.543157e-03	-2.263713e-03	-2.955372e-03	2.029326e-02	-3.729395e-03	
9.356222e-04	1.026264e-03	4.641703e-04	5.619407e-04	-3.729395e-03	1.557531e-03	

VAR-COVAR MATRIX: ITER = 33500
2.119963e-03	1.424472e-03	6.073903e-04	7.821298e-04	-5.016768e-03	9.576203e-04	
1.424472e-03	2.418865e-03	6.591582e-04	8.406551e-04	-5.620996e-03	1.041302e-03	
6.073903e-04	6.591582e-04	1.123063e-03	3.680498e-04	-2.328481e-03	4.570459e-04	
7.821298e-04	8.406551e-04	3.680498e-04	1.275571e-03	-3.024867e-03	5.911477e-04	
-5.016768e-03	-5.620996e-03	-2.328481e-03	-3.024867e-03	2.051428e-02	-3.744084e-03	
9.576203e-04	1.041302e-03	4.570459e-04	5.911477e-04	-3.744084e-03	1.560390e-03	

VAR-COVAR MATRIX: ITER = 34000
1.971155e-03	1.334239e-03	5.698826e-04	7.212481e-04	-4.779888e-03	9.549676e-04	
1.334239e-03	2.377986e-03	6.509574e-04	8.249335e-04	-5.492222e-03	1.074061e-03	
5.698826e-04	6.509574e-04	1.106366e-03	3.658485e-04	-2.359213e-03	4.924066e-04	
7.212481e-04	8.249335e-04	3.658485e-04	1.281752e-03	-3.012969e-03	5.918742e-04	
-4.779888e-03	-5.492222e-03	-2.359213e-03	-3.012969e-03	2.041086e-02	-3.860702e-03	
9.549676e-04	1.074061e-03	4.924066e-04	5.918742e-04	-3.860702e-03	1.620875e-03	

VAR-COVAR MATRIX: ITER = 34500
1.932398e-03	1.267625e-03	5.066691e-04	6.582770e-04	-4.699918e-03	9.056889e-04	
1.267625e-03	2.280533e-03	5.469965e-04	7.314007e-04	-5.297987e-03	1.016617e-03	
5.066691e-04	5.469965e-04	1.044892e-03	3.065102e-04	-2.099103e-03	4.027682e-04	
6.582770e-04	7.314007e-04	3.065102e-04	1.202354e-03	-2.767573e-03	5.309084e-04	
-4.699918e-03	-5.297987e-03	-2.099103e-03	-2.767573e-03	2.041542e-02	-3.793470e-03	
9.056889e-04	1.016617e-03	4.027682e-04	5.309084e-04	-3.793470e-03	1.594487e-03	

VAR-COVAR MATRIX: ITER = 35000
1.958267e-03	1.257191e-03	4.881293e-04	6.206783e-04	-4.730244e-03	9.070332e-04	
1.257191e-03	2.249955e-03	5.512828e-04	6.924067e-04	-5.293512e-03	1.006560e-03	
4.881293e-04	5.512828e-04	1.043372e-03	2.791842e-04	-2.073786e-03	4.096070e-04	
6.206783e-04	6.924067e-04	2.791842e-04	1.168428e-03	-2.600032e-03	4.853063e-04	
-4.730244e-03	-5.293512e-03	-2.073786e-03	-2.600032e-03	2.046159e-02	-3.723100e-03	
9.070332e-04	1.006560e-03	4.096070e-04	4.853063e-04	-3.723100e-03	1.567911e-03	

VAR-COVAR MATRIX: ITER = 35500
1.998491e-03	1.315658e-03	5.629854e-04	6.879806e-04	-4.813453e-03	9.319732e-04	
1.315658e-03	2.352434e-03	5.962552e-04	7.613458e-04	-5.385913e-03	1.013737e-03	
5.629854e-04	5.962552e-04	1.083339e-03	3.206998e-04	-2.240297e-03	4.362529e-04	
6.879806e-04	7.613458e-04	3.206998e-04	1.189594e-03	-2.740097e-03	5.250116e-04	
-4.813453e-03	-5.385913e-03	-2.240297e-03	-2.740097e-03	2.037914e-02	-3.732206e-03	
9.319732e-04	1.013737e-03	4.362529e-04	5.250116e-04	-3.732206e-03	1.576419e-03	

VAR-COVAR MATRIX: ITER = 36000
2.088666e-03	1.404949e-03	5.573811e-04	6.831118e-04	-4.954155e-03	9.552707e-04	
1.404949e-03	2.499446e-03	6.542575e-04	8.056519e-04	-5.675894e-03	1.102655e-03	
5.573811e-04	6.542575e-04	1.071984e-03	3.163404e-04	-2.255835e-03	4.484673e-04	
6.831118e-04	8.056519e-04	3.163404e-04	1.198623e-03	-2.771336e-03	5.608058e-04	
-4.954155e-03	-5.675894e-03	-2.255835e-03	-2.771336e-03	2.057885e-02	-3.877052e-03	
9.552707e-04	1.102655e-03	4.484673e-04	5.608058e-04	-3.877052e-03	1.582022e-03	

VAR-COVAR MATRIX: ITER = 36500
2.171438e-03	1.510332e-03	6.220110e-04	7.928333e-04	-5.082294e-03	1.034596e-03	
1.510332e-03	2.550577e-03	6.663275e-04	8.799177e-04	-5.706094e-03	1.144690e-03	
6.220110e-04	6.663275e-04	1.092242e-03	3.596959e-04	-2.265806e-03	4.605783e-04	
7.928333e-04	8.799177e-04	3.596959e-04	1.290159e-03	-2.959808e-03	5.986735e-04	
-5.082294e-03	-5.706094e-03	-2.265806e-03	-2.959808e-03	1.982405e-02	-3.878239e-03	
1.034596e-03	1.144690e-03	4.605783e-04	5.986735e-04	-3.878239e-03	1.640233e-03	

VAR-COVAR MATRIX: ITER = 37000
2.193745e-03	1.553699e-03	5.959751e-04	7.770111e-04	-5.180978e-03	1.067047e-03	
1.553699e-03	2.600175e-03	6.395934e-04	8.812651e-04	-5.834842e-03	1.187064e-03	
5.959751e-04	6.395934e-04	1.071609e-03	3.340855e-04	-2.232162e-03	4.768543e-04	
7.770111e-04	8.812651e-04	3.340855e-04	1.293525e-03	-2.980873e-03	6.303321e-04	
-5.180978e-03	-5.834842e-03	-2.232162e-03	-2.980873e-03	2.026984e-02	-4.037559e-03	
1.067047e-03	1.187064e-03	4.768543e-04	6.303321e-04	-4.037559e-03	1.716697e-03	

VAR-COVAR MATRIX: ITER = 37500
2.133429e-03	1.446377e-03	5.136203e-04	7.250052e-04	-5.078704e-03	9.863620e-04	
1.446377e-03	2.430767e-03	5.656682e-04	7.982079e-04	-5.611390e-03	1.073419e-03	
5.136203e-04	5.656682e-04	1.042981e-03	2.905616e-04	-2.021743e-03	3.963652e-04	
7.250052e-04	7.982079e-04	2.905616e-04	1.213331e-03	-2.803236e-03	5.583733e-04	
-5.078704e-03	-5.611390e-03	-2.021743e-03	-2.803236e-03	2.046267e-02	-3.859852e-03	
9.863620e-04	1.073419e-03	3.963652e-04	5.583733e-04	-3.859852e-03	1.612152e-03	

VAR-COVAR MATRIX: ITER = 38000
2.080147e-03	1.418476e-03	5.558434e-04	7.346803e-04	-4.956560e-03	1.054277e-03	
1.418476e-03	2.463191e-03	6.247103e-04	8.351961e-04	-5.595715e-03	1.181849e-03	
5.558434e-04	6.247103e-04	1.102366e-03	3.457358e-04	-2.213769e-03	4.674431e-04	
7.346803e-04	8.351961e-04	3.457358e-04	1.272262e-03	-2.938445e-03	6.460515e-04	
-4.956560e-03	-5.595715e-03	-2.213769e-03	-2.938445e-03	2.035536e-02	-4.181509e-03	
1.054277e-03	1.181849e-03	4.674431e-04	6.460515e-04	-4.181509e-03	1.764465e-03	

VAR-COVAR MATRIX: ITER = 38500
2.161017e-03	1.525745e-03	6.314806e-04	7.859633e-04	-5.113572e-03	1.090218e-03	
1.525745e-03	2.552484e-03	6.812733e-04	8.835727e-04	-5.806676e-03	1.221858e-03	
6.314806e-04	6.812733e-04	1.138183e-03	3.674676e-04	-2.334356e-03	5.028998e-04	
7.859633e-04	8.835727e-04	3.674676e-04	1.277761e-03	-3.003611e-03	6.413084e-04	
-5.113572e-03	-5.806676e-03	-2.334356e-03	-3.003611e-03	2.030890e-02	-4.162119e-03	
