===== BAYENV2.0 =====

input file is set
number of populations is set
number of iterations is set
seed is set
TEST = 0 . So running matrix estimation
MCMC VER 0.71 (THREADED)
ITERATIONS = 100000
INPUT FILE = Y2017_filtered_snpsfile_8621.txt
SEED = -33234

num_alleles = 17242.000000
number of loci = 8621
VAR-COVAR MATRIX: ITER = 500
2.068814e-03	1.281642e-03	3.833152e-04	5.718679e-04	-4.845536e-03	7.226691e-04	
1.281642e-03	2.551994e-03	3.752211e-04	6.163894e-04	-5.552446e-03	7.328741e-04	
3.833152e-04	3.752211e-04	1.091294e-03	1.941674e-04	-1.725360e-03	2.514156e-04	
5.718679e-04	6.163894e-04	1.941674e-04	1.284666e-03	-2.539927e-03	3.540216e-04	
-4.845536e-03	-5.552446e-03	-1.725360e-03	-2.539927e-03	2.132648e-02	-3.129100e-03	
7.226691e-04	7.328741e-04	2.514156e-04	3.540216e-04	-3.129100e-03	1.614625e-03	

VAR-COVAR MATRIX: ITER = 1000
2.090096e-03	1.421718e-03	5.017219e-04	7.311230e-04	-5.042704e-03	9.161000e-04	
1.421718e-03	2.454801e-03	5.595478e-04	7.869221e-04	-5.650030e-03	9.922581e-04	
5.017219e-04	5.595478e-04	1.029006e-03	2.803421e-04	-1.971758e-03	3.570517e-04	
7.311230e-04	7.869221e-04	2.803421e-04	1.244787e-03	-2.844684e-03	4.939547e-04	
-5.042704e-03	-5.650030e-03	-1.971758e-03	-2.844684e-03	2.080266e-02	-3.557978e-03	
9.161000e-04	9.922581e-04	3.570517e-04	4.939547e-04	-3.557978e-03	1.525497e-03	

VAR-COVAR MATRIX: ITER = 1500
2.138644e-03	1.417467e-03	5.620629e-04	7.972039e-04	-5.067539e-03	9.934946e-04	
1.417467e-03	2.386613e-03	6.162511e-04	8.631196e-04	-5.534039e-03	1.061282e-03	
5.620629e-04	6.162511e-04	1.052212e-03	3.501648e-04	-2.156864e-03	4.302666e-04	
7.972039e-04	8.631196e-04	3.501648e-04	1.323243e-03	-3.125693e-03	6.175426e-04	
-5.067539e-03	-5.534039e-03	-2.156864e-03	-3.125693e-03	2.045573e-02	-3.796843e-03	
9.934946e-04	1.061282e-03	4.302666e-04	6.175426e-04	-3.796843e-03	1.577641e-03	

VAR-COVAR MATRIX: ITER = 2000
2.101200e-03	1.411032e-03	5.696847e-04	7.998505e-04	-5.009447e-03	9.995405e-04	
1.411032e-03	2.413267e-03	5.812641e-04	8.288682e-04	-5.502981e-03	1.051459e-03	
5.696847e-04	5.812641e-04	1.053148e-03	3.538712e-04	-2.142446e-03	4.326230e-04	
7.998505e-04	8.288682e-04	3.538712e-04	1.298495e-03	-3.037705e-03	6.121230e-04	
-5.009447e-03	-5.502981e-03	-2.142446e-03	-3.037705e-03	2.014218e-02	-3.788490e-03	
9.995405e-04	1.051459e-03	4.326230e-04	6.121230e-04	-3.788490e-03	1.620443e-03	

VAR-COVAR MATRIX: ITER = 2500
2.125954e-03	1.482093e-03	5.240883e-04	7.932736e-04	-5.078482e-03	1.010111e-03	
1.482093e-03	2.483768e-03	5.900029e-04	8.575194e-04	-5.675545e-03	1.125061e-03	
5.240883e-04	5.900029e-04	1.043396e-03	3.191048e-04	-2.047833e-03	4.054087e-04	
7.932736e-04	8.575194e-04	3.191048e-04	1.275613e-03	-3.070863e-03	6.043865e-04	
-5.078482e-03	-5.675545e-03	-2.047833e-03	-3.070863e-03	2.051977e-02	-3.895369e-03	
1.010111e-03	1.125061e-03	4.054087e-04	6.043865e-04	-3.895369e-03	1.651604e-03	

VAR-COVAR MATRIX: ITER = 3000
2.152204e-03	1.453434e-03	5.775238e-04	8.123552e-04	-5.116680e-03	1.076172e-03	
1.453434e-03	2.489318e-03	6.103244e-04	8.854487e-04	-5.667967e-03	1.160783e-03	
5.775238e-04	6.103244e-04	1.069847e-03	3.437395e-04	-2.202127e-03	4.534783e-04	
8.123552e-04	8.854487e-04	3.437395e-04	1.298810e-03	-3.099039e-03	6.362617e-04	
-5.116680e-03	-5.667967e-03	-2.202127e-03	-3.099039e-03	2.050829e-02	-4.084541e-03	
1.076172e-03	1.160783e-03	4.534783e-04	6.362617e-04	-4.084541e-03	1.704318e-03	

VAR-COVAR MATRIX: ITER = 3500
1.982121e-03	1.320165e-03	4.660475e-04	6.904419e-04	-4.853015e-03	9.577936e-04	
1.320165e-03	2.377946e-03	5.306135e-04	7.767885e-04	-5.490403e-03	1.101384e-03	
4.660475e-04	5.306135e-04	1.001588e-03	2.724783e-04	-1.956621e-03	3.904979e-04	
6.904419e-04	7.767885e-04	2.724783e-04	1.237616e-03	-2.849832e-03	5.624256e-04	
-4.853015e-03	-5.490403e-03	-1.956621e-03	-2.849832e-03	2.093912e-02	-4.009329e-03	
9.577936e-04	1.101384e-03	3.904979e-04	5.624256e-04	-4.009329e-03	1.656907e-03	

VAR-COVAR MATRIX: ITER = 4000
2.150753e-03	1.506484e-03	5.399835e-04	8.011319e-04	-5.153524e-03	1.107377e-03	
1.506484e-03	2.533085e-03	5.859797e-04	9.082056e-04	-5.742432e-03	1.222362e-03	
5.399835e-04	5.859797e-04	1.026347e-03	3.285947e-04	-2.049933e-03	4.589642e-04	
8.011319e-04	9.082056e-04	3.285947e-04	1.321784e-03	-3.130419e-03	6.761374e-04	
-5.153524e-03	-5.742432e-03	-2.049933e-03	-3.130419e-03	2.034344e-02	-4.160379e-03	
1.107377e-03	1.222362e-03	4.589642e-04	6.761374e-04	-4.160379e-03	1.741580e-03	

VAR-COVAR MATRIX: ITER = 4500
2.127304e-03	1.471190e-03	5.171793e-04	7.770412e-04	-5.009200e-03	1.052111e-03	
1.471190e-03	2.522157e-03	5.639486e-04	8.793661e-04	-5.704017e-03	1.193984e-03	
5.171793e-04	5.639486e-04	1.036623e-03	3.303857e-04	-2.031901e-03	4.460216e-04	
7.770412e-04	8.793661e-04	3.303857e-04	1.317700e-03	-3.081128e-03	6.499564e-04	
-5.009200e-03	-5.704017e-03	-2.031901e-03	-3.081128e-03	2.019851e-02	-4.109571e-03	
1.052111e-03	1.193984e-03	4.460216e-04	6.499564e-04	-4.109571e-03	1.739678e-03	

VAR-COVAR MATRIX: ITER = 5000
2.184185e-03	1.579017e-03	6.271857e-04	8.358412e-04	-5.135614e-03	1.134886e-03	
1.579017e-03	2.672371e-03	7.256345e-04	9.594511e-04	-5.928382e-03	1.292423e-03	
6.271857e-04	7.256345e-04	1.123701e-03	4.217566e-04	-2.392051e-03	5.399876e-04	
8.358412e-04	9.594511e-04	4.217566e-04	1.354408e-03	-3.202095e-03	7.072356e-04	
-5.135614e-03	-5.928382e-03	-2.392051e-03	-3.202095e-03	2.019136e-02	-4.267577e-03	
1.134886e-03	1.292423e-03	5.399876e-04	7.072356e-04	-4.267577e-03	1.800301e-03	

VAR-COVAR MATRIX: ITER = 5500
2.098946e-03	1.407484e-03	5.734322e-04	8.079720e-04	-4.963161e-03	1.104743e-03	
1.407484e-03	2.454300e-03	6.263807e-04	9.234820e-04	-5.577067e-03	1.199460e-03	
5.734322e-04	6.263807e-04	1.064732e-03	3.841565e-04	-2.184743e-03	4.755826e-04	
8.079720e-04	9.234820e-04	3.841565e-04	1.387589e-03	-3.225820e-03	6.901400e-04	
-4.963161e-03	-5.577067e-03	-2.184743e-03	-3.225820e-03	2.017267e-02	-4.214646e-03	
1.104743e-03	1.199460e-03	4.755826e-04	6.901400e-04	-4.214646e-03	1.790399e-03	

VAR-COVAR MATRIX: ITER = 6000
2.194544e-03	1.509274e-03	6.228107e-04	8.732797e-04	-5.220644e-03	1.142595e-03	
1.509274e-03	2.504953e-03	6.580519e-04	9.404462e-04	-5.708054e-03	1.257198e-03	
6.228107e-04	6.580519e-04	1.104683e-03	3.842944e-04	-2.325876e-03	5.143150e-04	
8.732797e-04	9.404462e-04	3.842944e-04	1.380792e-03	-3.279370e-03	7.173772e-04	
-5.220644e-03	-5.708054e-03	-2.325876e-03	-3.279370e-03	2.042956e-02	-4.278580e-03	
1.142595e-03	1.257198e-03	5.143150e-04	7.173772e-04	-4.278580e-03	1.803033e-03	

VAR-COVAR MATRIX: ITER = 6500
2.163672e-03	1.480165e-03	6.290023e-04	8.960632e-04	-5.141255e-03	1.172601e-03	
1.480165e-03	2.523649e-03	6.823324e-04	9.758214e-04	-5.706243e-03	1.291362e-03	
6.290023e-04	6.823324e-04	1.124232e-03	4.263876e-04	-2.346515e-03	5.483796e-04	
8.960632e-04	9.758214e-04	4.263876e-04	1.411730e-03	-3.398300e-03	7.888072e-04	
-5.141255e-03	-5.706243e-03	-2.346515e-03	-3.398300e-03	2.022303e-02	-4.442785e-03	
1.172601e-03	1.291362e-03	5.483796e-04	7.888072e-04	-4.442785e-03	1.877203e-03	

VAR-COVAR MATRIX: ITER = 7000
2.080738e-03	1.452097e-03	5.454026e-04	7.882393e-04	-5.045540e-03	1.060494e-03	
1.452097e-03	2.540645e-03	6.343307e-04	9.004824e-04	-5.846110e-03	1.214530e-03	
5.454026e-04	6.343307e-04	1.038520e-03	3.518425e-04	-2.172785e-03	4.545640e-04	
7.882393e-04	9.004824e-04	3.518425e-04	1.307999e-03	-3.173849e-03	6.670264e-04	
-5.045540e-03	-5.846110e-03	-2.172785e-03	-3.173849e-03	2.096182e-02	-4.189713e-03	
1.060494e-03	1.214530e-03	4.545640e-04	6.670264e-04	-4.189713e-03	1.731381e-03	

VAR-COVAR MATRIX: ITER = 7500
2.032652e-03	1.452533e-03	4.936266e-04	7.570578e-04	-4.997112e-03	9.711307e-04	
1.452533e-03	2.559476e-03	5.741079e-04	8.923224e-04	-5.902775e-03	1.136217e-03	
4.936266e-04	5.741079e-04	9.946824e-04	3.244863e-04	-2.019454e-03	4.057579e-04	
7.570578e-04	8.923224e-04	3.244863e-04	1.306354e-03	-3.111851e-03	6.084161e-04	
-4.997112e-03	-5.902775e-03	-2.019454e-03	-3.111851e-03	2.102488e-02	-3.951555e-03	
9.711307e-04	1.136217e-03	4.057579e-04	6.084161e-04	-3.951555e-03	1.630319e-03	

VAR-COVAR MATRIX: ITER = 8000
2.087291e-03	1.434362e-03	5.535417e-04	8.102835e-04	-4.988741e-03	9.878014e-04	
1.434362e-03	2.512078e-03	6.349498e-04	9.117111e-04	-5.679730e-03	1.123823e-03	
5.535417e-04	6.349498e-04	1.080284e-03	3.648589e-04	-2.183027e-03	4.483124e-04	
8.102835e-04	9.117111e-04	3.648589e-04	1.327609e-03	-3.210387e-03	6.479032e-04	
-4.988741e-03	-5.679730e-03	-2.183027e-03	-3.210387e-03	2.038056e-02	-3.850125e-03	
9.878014e-04	1.123823e-03	4.483124e-04	6.479032e-04	-3.850125e-03	1.606383e-03	

VAR-COVAR MATRIX: ITER = 8500
2.015062e-03	1.387622e-03	5.474459e-04	7.695228e-04	-4.796957e-03	9.456992e-04	
1.387622e-03	2.475938e-03	6.337738e-04	8.998103e-04	-5.626952e-03	1.109445e-03	
5.474459e-04	6.337738e-04	1.053608e-03	3.745333e-04	-2.212531e-03	4.455564e-04	
7.695228e-04	8.998103e-04	3.745333e-04	1.299092e-03	-3.084720e-03	6.100454e-04	
-4.796957e-03	-5.626952e-03	-2.212531e-03	-3.084720e-03	2.028451e-02	-3.867479e-03	
9.456992e-04	1.109445e-03	4.455564e-04	6.100454e-04	-3.867479e-03	1.615192e-03	

VAR-COVAR MATRIX: ITER = 9000
2.050991e-03	1.428545e-03	5.045580e-04	7.443577e-04	-4.928953e-03	9.727899e-04	
1.428545e-03	2.483696e-03	5.903458e-04	8.535944e-04	-5.689678e-03	1.112346e-03	
5.045580e-04	5.903458e-04	1.040130e-03	3.037030e-04	-2.064155e-03	4.314487e-04	
7.443577e-04	8.535944e-04	3.037030e-04	1.272047e-03	-2.993852e-03	5.853292e-04	
-4.928953e-03	-5.689678e-03	-2.064155e-03	-2.993852e-03	2.059875e-02	-3.846927e-03	
9.727899e-04	1.112346e-03	4.314487e-04	5.853292e-04	-3.846927e-03	1.598187e-03	

VAR-COVAR MATRIX: ITER = 9500
1.976993e-03	1.353181e-03	5.367043e-04	6.705369e-04	-4.809106e-03	8.941575e-04	
1.353181e-03	2.464556e-03	6.141199e-04	7.816668e-04	-5.651018e-03	1.021371e-03	
5.367043e-04	6.141199e-04	1.077961e-03	3.052284e-04	-2.180597e-03	4.003852e-04	
6.705369e-04	7.816668e-04	3.052284e-04	1.210296e-03	-2.800531e-03	5.152498e-04	
-4.809106e-03	-5.651018e-03	-2.180597e-03	-2.800531e-03	2.073315e-02	-3.642518e-03	
8.941575e-04	1.021371e-03	4.003852e-04	5.152498e-04	-3.642518e-03	1.528379e-03	

VAR-COVAR MATRIX: ITER = 10000
2.132440e-03	1.420737e-03	5.453697e-04	7.743092e-04	-5.071536e-03	1.016836e-03	
1.420737e-03	2.424200e-03	5.923244e-04	8.284838e-04	-5.548529e-03	1.114594e-03	
5.453697e-04	5.923244e-04	1.040016e-03	3.356208e-04	-2.157534e-03	4.343585e-04	
7.743092e-04	8.284838e-04	3.356208e-04	1.271067e-03	-3.056207e-03	6.214582e-04	
-5.071536e-03	-5.548529e-03	-2.157534e-03	-3.056207e-03	2.061000e-02	-3.983405e-03	
1.016836e-03	1.114594e-03	4.343585e-04	6.214582e-04	-3.983405e-03	1.646066e-03	

VAR-COVAR MATRIX: ITER = 10500
2.233301e-03	1.569782e-03	6.769658e-04	8.488144e-04	-5.250102e-03	1.112060e-03	
1.569782e-03	2.585821e-03	7.334231e-04	9.275681e-04	-5.816097e-03	1.212283e-03	
6.769658e-04	7.334231e-04	1.147345e-03	4.059740e-04	-2.511035e-03	5.235509e-04	
8.488144e-04	9.275681e-04	4.059740e-04	1.323077e-03	-3.148713e-03	6.616474e-04	
-5.250102e-03	-5.816097e-03	-2.511035e-03	-3.148713e-03	2.022580e-02	-4.078337e-03	
1.112060e-03	1.212283e-03	5.235509e-04	6.616474e-04	-4.078337e-03	1.719301e-03	

VAR-COVAR MATRIX: ITER = 11000
2.086353e-03	1.443579e-03	5.339095e-04	7.355861e-04	-5.044482e-03	1.031759e-03	
1.443579e-03	2.484185e-03	6.347308e-04	8.261001e-04	-5.697740e-03	1.159388e-03	
5.339095e-04	6.347308e-04	1.062186e-03	3.145882e-04	-2.128817e-03	4.571629e-04	
7.355861e-04	8.261001e-04	3.145882e-04	1.239838e-03	-2.924141e-03	5.912441e-04	
-5.044482e-03	-5.697740e-03	-2.128817e-03	-2.924141e-03	2.066847e-02	-4.124330e-03	
1.031759e-03	1.159388e-03	4.571629e-04	5.912441e-04	-4.124330e-03	1.694645e-03	

VAR-COVAR MATRIX: ITER = 11500
2.105026e-03	1.454966e-03	5.485815e-04	7.618515e-04	-5.063275e-03	1.019895e-03	
1.454966e-03	2.500965e-03	6.344543e-04	8.516942e-04	-5.693550e-03	1.141503e-03	
5.485815e-04	6.344543e-04	1.060486e-03	3.380979e-04	-2.168576e-03	4.624646e-04	
7.618515e-04	8.516942e-04	3.380979e-04	1.270251e-03	-2.988456e-03	5.990524e-04	
-5.063275e-03	-5.693550e-03	-2.168576e-03	-2.988456e-03	2.040506e-02	-3.981439e-03	
1.019895e-03	1.141503e-03	4.624646e-04	5.990524e-04	-3.981439e-03	1.677713e-03	

VAR-COVAR MATRIX: ITER = 12000
2.185145e-03	1.510665e-03	6.200190e-04	8.114916e-04	-5.181914e-03	1.129434e-03	
1.510665e-03	2.515307e-03	6.608076e-04	8.751639e-04	-5.710212e-03	1.185193e-03	
6.200190e-04	6.608076e-04	1.097611e-03	3.608171e-04	-2.248427e-03	4.940251e-04	
8.114916e-04	8.751639e-04	3.608171e-04	1.291274e-03	-3.056562e-03	6.424001e-04	
-5.181914e-03	-5.710212e-03	-2.248427e-03	-3.056562e-03	2.031657e-02	-4.142779e-03	
1.129434e-03	1.185193e-03	4.940251e-04	6.424001e-04	-4.142779e-03	1.727270e-03	

VAR-COVAR MATRIX: ITER = 12500
2.134302e-03	1.407565e-03	5.796723e-04	7.547826e-04	-5.040994e-03	9.936844e-04	
1.407565e-03	2.399608e-03	6.223058e-04	8.175354e-04	-5.534282e-03	1.074542e-03	
5.796723e-04	6.223058e-04	1.079440e-03	3.373121e-04	-2.219472e-03	4.550579e-04	
7.547826e-04	8.175354e-04	3.373121e-04	1.249592e-03	-2.932735e-03	5.704009e-04	
-5.040994e-03	-5.534282e-03	-2.219472e-03	-2.932735e-03	2.043574e-02	-3.870375e-03	
9.936844e-04	1.074542e-03	4.550579e-04	5.704009e-04	-3.870375e-03	1.634274e-03	

VAR-COVAR MATRIX: ITER = 13000
2.116448e-03	1.437121e-03	5.969859e-04	7.333855e-04	-4.954322e-03	1.043406e-03	
1.437121e-03	2.445925e-03	6.460279e-04	8.238564e-04	-5.515531e-03	1.123723e-03	
5.969859e-04	6.460279e-04	1.082674e-03	3.622630e-04	-2.270637e-03	4.708352e-04	
7.333855e-04	8.238564e-04	3.622630e-04	1.256187e-03	-2.904202e-03	6.008020e-04	
-4.954322e-03	-5.515531e-03	-2.270637e-03	-2.904202e-03	1.991915e-02	-3.941036e-03	
1.043406e-03	1.123723e-03	4.708352e-04	6.008020e-04	-3.941036e-03	1.667691e-03	

VAR-COVAR MATRIX: ITER = 13500
2.097851e-03	1.403863e-03	5.686841e-04	7.673705e-04	-4.915442e-03	1.020955e-03	
1.403863e-03	2.437923e-03	6.578523e-04	8.478200e-04	-5.512909e-03	1.136005e-03	
5.686841e-04	6.578523e-04	1.100548e-03	3.796698e-04	-2.245465e-03	4.701759e-04	
7.673705e-04	8.478200e-04	3.796698e-04	1.305628e-03	-3.040798e-03	6.320743e-04	
-4.915442e-03	-5.512909e-03	-2.245465e-03	-3.040798e-03	1.992586e-02	-3.917346e-03	
1.020955e-03	1.136005e-03	4.701759e-04	6.320743e-04	-3.917346e-03	1.680471e-03	

VAR-COVAR MATRIX: ITER = 14000
2.081790e-03	1.420622e-03	5.466219e-04	7.028870e-04	-5.005662e-03	9.637403e-04	
1.420622e-03	2.500159e-03	6.149676e-04	7.838925e-04	-5.726232e-03	1.079350e-03	
5.466219e-04	6.149676e-04	1.049543e-03	2.983487e-04	-2.151265e-03	4.046024e-04	
7.028870e-04	7.838925e-04	2.983487e-04	1.206106e-03	-2.816136e-03	5.432276e-04	
-5.005662e-03	-5.726232e-03	-2.151265e-03	-2.816136e-03	2.076540e-02	-3.835978e-03	
9.637403e-04	1.079350e-03	4.046024e-04	5.432276e-04	-3.835978e-03	1.587229e-03	

VAR-COVAR MATRIX: ITER = 14500
2.178553e-03	1.523292e-03	5.512375e-04	8.069899e-04	-5.234622e-03	1.044395e-03	
1.523292e-03	2.541398e-03	5.963839e-04	8.482765e-04	-5.821855e-03	1.123545e-03	
5.512375e-04	5.963839e-04	1.040805e-03	3.437986e-04	-2.108289e-03	4.173489e-04	
8.069899e-04	8.482765e-04	3.437986e-04	1.262129e-03	-3.011533e-03	5.825251e-04	
-5.234622e-03	-5.821855e-03	-2.108289e-03	-3.011533e-03	2.073133e-02	-3.880420e-03	
1.044395e-03	1.123545e-03	4.173489e-04	5.825251e-04	-3.880420e-03	1.615249e-03	

VAR-COVAR MATRIX: ITER = 15000
2.158666e-03	1.492446e-03	5.633143e-04	8.218014e-04	-5.041789e-03	1.040376e-03	
1.492446e-03	2.523747e-03	6.245780e-04	9.047265e-04	-5.632004e-03	1.155481e-03	
5.633143e-04	6.245780e-04	1.069482e-03	3.555098e-04	-2.155825e-03	4.542621e-04	
8.218014e-04	9.047265e-04	3.555098e-04	1.315149e-03	-3.072720e-03	6.195002e-04	
-5.041789e-03	-5.632004e-03	-2.155825e-03	-3.072720e-03	1.971972e-02	-3.841338e-03	
1.040376e-03	1.155481e-03	4.542621e-04	6.195002e-04	-3.841338e-03	1.618667e-03	

VAR-COVAR MATRIX: ITER = 15500
2.230293e-03	1.556599e-03	6.138437e-04	8.888979e-04	-5.288552e-03	1.130561e-03	
1.556599e-03	2.535120e-03	6.490993e-04	9.690493e-04	-5.802101e-03	1.221720e-03	
6.138437e-04	6.490993e-04	1.060508e-03	3.743898e-04	-2.266979e-03	4.710942e-04	
8.888979e-04	9.690493e-04	3.743898e-04	1.362164e-03	-3.316161e-03	7.248920e-04	
-5.288552e-03	-5.802101e-03	-2.266979e-03	-3.316161e-03	2.063940e-02	-4.215264e-03	
1.130561e-03	1.221720e-03	4.710942e-04	7.248920e-04	-4.215264e-03	1.767528e-03	

VAR-COVAR MATRIX: ITER = 16000
2.144557e-03	1.463659e-03	5.601897e-04	8.201877e-04	-5.075840e-03	1.032020e-03	
1.463659e-03	2.473072e-03	6.112482e-04	8.683365e-04	-5.603367e-03	1.121965e-03	
5.601897e-04	6.112482e-04	1.042252e-03	3.516106e-04	-2.148553e-03	4.326386e-04	
8.201877e-04	8.683365e-04	3.516106e-04	1.312007e-03	-3.061736e-03	6.229827e-04	
-5.075840e-03	-5.603367e-03	-2.148553e-03	-3.061736e-03	2.002696e-02	-3.881823e-03	
1.032020e-03	1.121965e-03	4.326386e-04	6.229827e-04	-3.881823e-03	1.657161e-03	

VAR-COVAR MATRIX: ITER = 16500
2.151848e-03	1.514948e-03	6.017211e-04	7.777764e-04	-5.168603e-03	1.090116e-03	
1.514948e-03	2.573368e-03	6.911976e-04	8.836435e-04	-5.845273e-03	1.215510e-03	
6.017211e-04	6.911976e-04	1.102405e-03	3.631297e-04	-2.380928e-03	5.192268e-04	
7.777764e-04	8.836435e-04	3.631297e-04	1.277226e-03	-3.020720e-03	6.502798e-04	
-5.168603e-03	-5.845273e-03	-2.380928e-03	-3.020720e-03	2.067190e-02	-4.175949e-03	
1.090116e-03	1.215510e-03	5.192268e-04	6.502798e-04	-4.175949e-03	1.738400e-03	

VAR-COVAR MATRIX: ITER = 17000
2.198342e-03	1.512592e-03	6.512277e-04	7.779924e-04	-5.137733e-03	1.156299e-03	
1.512592e-03	2.565926e-03	7.246163e-04	8.449879e-04	-5.701284e-03	1.245601e-03	
6.512277e-04	7.246163e-04	1.126810e-03	3.820687e-04	-2.432252e-03	5.508161e-04	
7.779924e-04	8.449879e-04	3.820687e-04	1.268420e-03	-2.936786e-03	6.700721e-04	
-5.137733e-03	-5.701284e-03	-2.432252e-03	-2.936786e-03	2.001201e-02	-4.263941e-03	
1.156299e-03	1.245601e-03	5.508161e-04	6.700721e-04	-4.263941e-03	1.802008e-03	

VAR-COVAR MATRIX: ITER = 17500
2.132748e-03	1.499132e-03	5.751368e-04	7.634065e-04	-5.135178e-03	1.044229e-03	
1.499132e-03	2.516548e-03	6.431557e-04	8.465371e-04	-5.794413e-03	1.160225e-03	
5.751368e-04	6.431557e-04	1.034391e-03	3.267078e-04	-2.243430e-03	4.757557e-04	
7.634065e-04	8.465371e-04	3.267078e-04	1.255411e-03	-2.966125e-03	6.160526e-04	
-5.135178e-03	-5.794413e-03	-2.243430e-03	-2.966125e-03	2.078462e-02	-4.067416e-03	
1.044229e-03	1.160225e-03	4.757557e-04	6.160526e-04	-4.067416e-03	1.692232e-03	

VAR-COVAR MATRIX: ITER = 18000
2.091481e-03	1.432922e-03	4.957652e-04	6.813954e-04	-5.043163e-03	9.954840e-04	
1.432922e-03	2.476491e-03	5.620664e-04	7.506151e-04	-5.738193e-03	1.088314e-03	
4.957652e-04	5.620664e-04	1.025457e-03	2.719949e-04	-1.951243e-03	3.954224e-04	
6.813954e-04	7.506151e-04	2.719949e-04	1.191495e-03	-2.739354e-03	5.297889e-04	
-5.043163e-03	-5.738193e-03	-1.951243e-03	-2.739354e-03	2.090805e-02	-3.892959e-03	
9.954840e-04	1.088314e-03	3.954224e-04	5.297889e-04	-3.892959e-03	1.603481e-03	

VAR-COVAR MATRIX: ITER = 18500
2.072799e-03	1.416854e-03	5.642670e-04	7.092169e-04	-4.918514e-03	1.004374e-03	
1.416854e-03	2.518410e-03	6.301086e-04	7.911509e-04	-5.695254e-03	1.125001e-03	
5.642670e-04	6.301086e-04	1.082798e-03	3.321320e-04	-2.200062e-03	4.598503e-04	
7.092169e-04	7.911509e-04	3.321320e-04	1.229139e-03	-2.794684e-03	5.569571e-04	
-4.918514e-03	-5.695254e-03	-2.200062e-03	-2.794684e-03	2.036304e-02	-3.908068e-03	
1.004374e-03	1.125001e-03	4.598503e-04	5.569571e-04	-3.908068e-03	1.637953e-03	

VAR-COVAR MATRIX: ITER = 19000
2.080845e-03	1.402084e-03	5.695403e-04	7.334144e-04	-5.033264e-03	1.066847e-03	
1.402084e-03	2.443595e-03	6.215124e-04	8.229201e-04	-5.617350e-03	1.167101e-03	
5.695403e-04	6.215124e-04	1.078142e-03	3.312348e-04	-2.228819e-03	4.744557e-04	
7.334144e-04	8.229201e-04	3.312348e-04	1.255488e-03	-2.882648e-03	6.294747e-04	
-5.033264e-03	-5.617350e-03	-2.228819e-03	-2.882648e-03	2.057074e-02	-4.203141e-03	
1.066847e-03	1.167101e-03	4.744557e-04	6.294747e-04	-4.203141e-03	1.741211e-03	

VAR-COVAR MATRIX: ITER = 19500
1.993550e-03	1.354569e-03	5.389114e-04	6.838508e-04	-4.863667e-03	1.002361e-03	
1.354569e-03	2.358074e-03	6.010957e-04	7.421623e-04	-5.474497e-03	1.112896e-03	
5.389114e-04	6.010957e-04	1.038051e-03	2.943981e-04	-2.149603e-03	4.595103e-04	
6.838508e-04	7.421623e-04	2.943981e-04	1.212101e-03	-2.722986e-03	5.644363e-04	
-4.863667e-03	-5.474497e-03	-2.149603e-03	-2.722986e-03	2.048378e-02	-4.021436e-03	
1.002361e-03	1.112896e-03	4.595103e-04	5.644363e-04	-4.021436e-03	1.696851e-03	

VAR-COVAR MATRIX: ITER = 20000
2.114099e-03	1.459696e-03	5.738331e-04	7.396781e-04	-4.903603e-03	1.064407e-03	
1.459696e-03	2.508038e-03	6.490434e-04	8.228732e-04	-5.552586e-03	1.193585e-03	
5.738331e-04	6.490434e-04	1.053836e-03	3.301634e-04	-2.158450e-03	4.704287e-04	
7.396781e-04	8.228732e-04	3.301634e-04	1.235901e-03	-2.825263e-03	5.972883e-04	
-4.903603e-03	-5.552586e-03	-2.158450e-03	-2.825263e-03	1.944776e-02	-4.015643e-03	
1.064407e-03	1.193585e-03	4.704287e-04	5.972883e-04	-4.015643e-03	1.719339e-03	

VAR-COVAR MATRIX: ITER = 20500
2.175742e-03	1.467091e-03	6.236189e-04	8.408188e-04	-5.070821e-03	1.088178e-03	
1.467091e-03	2.432787e-03	6.640034e-04	8.622632e-04	-5.454540e-03	1.161566e-03	
6.236189e-04	6.640034e-04	1.122271e-03	3.804420e-04	-2.303767e-03	4.974198e-04	
8.408188e-04	8.622632e-04	3.804420e-04	1.306456e-03	-3.038474e-03	6.434184e-04	
-5.070821e-03	-5.454540e-03	-2.303767e-03	-3.038474e-03	1.965358e-02	-4.034187e-03	
1.088178e-03	1.161566e-03	4.974198e-04	6.434184e-04	-4.034187e-03	1.708383e-03	

VAR-COVAR MATRIX: ITER = 21000
2.167282e-03	1.460620e-03	5.910701e-04	7.906674e-04	-5.145172e-03	1.101384e-03	
1.460620e-03	2.417926e-03	6.428287e-04	8.452129e-04	-5.459030e-03	1.153065e-03	
5.910701e-04	6.428287e-04	1.066169e-03	3.580835e-04	-2.269378e-03	4.924792e-04	
7.906674e-04	8.452129e-04	3.580835e-04	1.267440e-03	-2.959315e-03	6.427819e-04	
-5.145172e-03	-5.459030e-03	-2.269378e-03	-2.959315e-03	2.004644e-02	-4.103025e-03	
1.101384e-03	1.153065e-03	4.924792e-04	6.427819e-04	-4.103025e-03	1.715595e-03	

VAR-COVAR MATRIX: ITER = 21500
2.253079e-03	1.553337e-03	6.439521e-04	8.767014e-04	-5.390812e-03	1.111611e-03	
1.553337e-03	2.530616e-03	6.816691e-04	9.312371e-04	-5.785092e-03	1.179225e-03	
6.439521e-04	6.816691e-04	1.114733e-03	3.959691e-04	-2.405908e-03	4.939042e-04	
8.767014e-04	9.312371e-04	3.959691e-04	1.329902e-03	-3.295465e-03	6.809995e-04	
-5.390812e-03	-5.785092e-03	-2.405908e-03	-3.295465e-03	2.097156e-02	-4.216153e-03	
1.111611e-03	1.179225e-03	4.939042e-04	6.809995e-04	-4.216153e-03	1.752269e-03	

VAR-COVAR MATRIX: ITER = 22000
2.207062e-03	1.501594e-03	6.214973e-04	8.660251e-04	-5.171718e-03	1.119077e-03	
1.501594e-03	2.486414e-03	6.689207e-04	9.283380e-04	-5.630761e-03	1.196248e-03	
6.214973e-04	6.689207e-04	1.120175e-03	3.972102e-04	-2.330997e-03	4.924451e-04	
8.660251e-04	9.283380e-04	3.972102e-04	1.361886e-03	-3.261890e-03	7.047442e-04	
-5.171718e-03	-5.630761e-03	-2.330997e-03	-3.261890e-03	2.001634e-02	-4.138749e-03	
1.119077e-03	1.196248e-03	4.924451e-04	7.047442e-04	-4.138749e-03	1.760481e-03	

VAR-COVAR MATRIX: ITER = 22500
2.222613e-03	1.532073e-03	6.160584e-04	7.998422e-04	-5.268068e-03	1.142175e-03	
1.532073e-03	2.508364e-03	6.814722e-04	8.773025e-04	-5.856247e-03	1.236551e-03	
6.160584e-04	6.814722e-04	1.090376e-03	3.636713e-04	-2.369961e-03	5.139529e-04	
7.998422e-04	8.773025e-04	3.636713e-04	1.310683e-03	-3.078379e-03	6.661306e-04	
-5.268068e-03	-5.856247e-03	-2.369961e-03	-3.078379e-03	2.108728e-02	-4.311962e-03	
1.142175e-03	1.236551e-03	5.139529e-04	6.661306e-04	-4.311962e-03	1.759297e-03	

VAR-COVAR MATRIX: ITER = 23000
2.145535e-03	1.487390e-03	5.862657e-04	7.970805e-04	-5.134629e-03	1.085215e-03	
1.487390e-03	2.504716e-03	6.462543e-04	8.872797e-04	-5.667271e-03	1.187137e-03	
5.862657e-04	6.462543e-04	1.057413e-03	3.638013e-04	-2.270019e-03	4.859977e-04	
7.970805e-04	8.872797e-04	3.638013e-04	1.307673e-03	-3.064838e-03	6.452853e-04	
-5.134629e-03	-5.667271e-03	-2.270019e-03	-3.064838e-03	2.041727e-02	-4.096376e-03	
1.085215e-03	1.187137e-03	4.859977e-04	6.452853e-04	-4.096376e-03	1.723815e-03	

VAR-COVAR MATRIX: ITER = 23500
2.018632e-03	1.354142e-03	5.447100e-04	7.310969e-04	-4.845660e-03	9.923999e-04	
1.354142e-03	2.394965e-03	5.931381e-04	7.928189e-04	-5.476597e-03	1.093472e-03	
5.447100e-04	5.931381e-04	1.026109e-03	3.197895e-04	-2.157534e-03	4.408613e-04	
7.310969e-04	7.928189e-04	3.197895e-04	1.260820e-03	-2.881286e-03	6.012810e-04	
-4.845660e-03	-5.476597e-03	-2.157534e-03	-2.881286e-03	2.031325e-02	-3.941733e-03	
9.923999e-04	1.093472e-03	4.408613e-04	6.012810e-04	-3.941733e-03	1.650830e-03	

VAR-COVAR MATRIX: ITER = 24000
2.009784e-03	1.342473e-03	5.418742e-04	7.239554e-04	-4.854471e-03	9.859199e-04	
1.342473e-03	2.370938e-03	6.031783e-04	7.853716e-04	-5.493174e-03	1.091362e-03	
5.418742e-04	6.031783e-04	1.064236e-03	3.271364e-04	-2.250754e-03	4.470552e-04	
7.239554e-04	7.853716e-04	3.271364e-04	1.241925e-03	-2.909258e-03	5.896826e-04	
-4.854471e-03	-5.493174e-03	-2.250754e-03	-2.909258e-03	2.057868e-02	-3.964829e-03	
9.859199e-04	1.091362e-03	4.470552e-04	5.896826e-04	-3.964829e-03	1.653451e-03	

VAR-COVAR MATRIX: ITER = 24500
2.114354e-03	1.431501e-03	6.026706e-04	7.590576e-04	-5.028458e-03	1.031315e-03	
1.431501e-03	2.429670e-03	6.509375e-04	8.342128e-04	-5.514643e-03	1.134558e-03	
6.026706e-04	6.509375e-04	1.109393e-03	3.654725e-04	-2.343071e-03	4.830914e-04	
7.590576e-04	8.342128e-04	3.654725e-04	1.263206e-03	-2.930024e-03	6.149348e-04	
-5.028458e-03	-5.514643e-03	-2.343071e-03	-2.930024e-03	2.018449e-02	-3.980099e-03	
1.031315e-03	1.134558e-03	4.830914e-04	6.149348e-04	-3.980099e-03	1.673624e-03	

VAR-COVAR MATRIX: ITER = 25000
2.091672e-03	1.381120e-03	5.862940e-04	7.506594e-04	-5.050740e-03	9.985886e-04	
1.381120e-03	2.428079e-03	6.332115e-04	8.310937e-04	-5.683554e-03	1.106333e-03	
5.862940e-04	6.332115e-04	1.090809e-03	3.591289e-04	-2.355083e-03	4.795737e-04	
7.506594e-04	8.310937e-04	3.591289e-04	1.265033e-03	-3.059932e-03	6.081040e-04	
-5.050740e-03	-5.683554e-03	-2.355083e-03	-3.059932e-03	2.136263e-02	-4.003012e-03	
9.985886e-04	1.106333e-03	4.795737e-04	6.081040e-04	-4.003012e-03	1.641016e-03	

VAR-COVAR MATRIX: ITER = 25500
2.078310e-03	1.353269e-03	5.636392e-04	7.725904e-04	-4.983292e-03	9.922174e-04	
1.353269e-03	2.371226e-03	6.197181e-04	8.362774e-04	-5.463101e-03	1.071058e-03	
5.636392e-04	6.197181e-04	1.084056e-03	3.458952e-04	-2.250184e-03	4.644708e-04	
7.725904e-04	8.362774e-04	3.458952e-04	1.286515e-03	-3.064629e-03	6.194611e-04	
-4.983292e-03	-5.463101e-03	-2.250184e-03	-3.064629e-03	2.075705e-02	-3.954772e-03	
9.922174e-04	1.071058e-03	4.644708e-04	6.194611e-04	-3.954772e-03	1.621990e-03	

VAR-COVAR MATRIX: ITER = 26000
2.042537e-03	1.312407e-03	5.237150e-04	7.780205e-04	-4.930977e-03	9.849407e-04	
1.312407e-03	2.299859e-03	5.579243e-04	8.312685e-04	-5.402047e-03	1.056285e-03	
5.237150e-04	5.579243e-04	1.065876e-03	3.503234e-04	-2.176576e-03	4.579890e-04	
7.780205e-04	8.312685e-04	3.503234e-04	1.333122e-03	-3.133883e-03	6.134551e-04	
-4.930977e-03	-5.402047e-03	-2.176576e-03	-3.133883e-03	2.086079e-02	-3.924631e-03	
9.849407e-04	1.056285e-03	4.579890e-04	6.134551e-04	-3.924631e-03	1.638065e-03	

VAR-COVAR MATRIX: ITER = 26500
2.185687e-03	1.496733e-03	5.999948e-04	8.653301e-04	-5.164820e-03	1.111991e-03	
1.496733e-03	2.488404e-03	6.309023e-04	9.204262e-04	-5.640646e-03	1.197345e-03	
5.999948e-04	6.309023e-04	1.115451e-03	3.572651e-04	-2.223374e-03	4.803196e-04	
8.653301e-04	9.204262e-04	3.572651e-04	1.363827e-03	-3.249284e-03	7.016195e-04	
-5.164820e-03	-5.640646e-03	-2.223374e-03	-3.249284e-03	2.033003e-02	-4.145548e-03	
1.111991e-03	1.197345e-03	4.803196e-04	7.016195e-04	-4.145548e-03	1.736322e-03	

VAR-COVAR MATRIX: ITER = 27000
2.111691e-03	1.450694e-03	5.150724e-04	8.467265e-04	-5.089350e-03	1.084219e-03	
1.450694e-03	2.426993e-03	5.441643e-04	9.111221e-04	-5.580730e-03	1.176809e-03	
5.150724e-04	5.441643e-04	1.044022e-03	3.341950e-04	-2.024598e-03	4.350689e-04	
8.467265e-04	9.111221e-04	3.341950e-04	1.329160e-03	-3.193626e-03	6.807455e-04	
-5.089350e-03	-5.580730e-03	-2.024598e-03	-3.193626e-03	2.038976e-02	-4.160504e-03	
1.084219e-03	1.176809e-03	4.350689e-04	6.807455e-04	-4.160504e-03	1.735248e-03	

VAR-COVAR MATRIX: ITER = 27500
2.049645e-03	1.338951e-03	4.916168e-04	7.292974e-04	-4.917480e-03	9.871656e-04	
1.338951e-03	2.291631e-03	5.102366e-04	7.661369e-04	-5.323729e-03	1.053895e-03	
4.916168e-04	5.102366e-04	1.024639e-03	2.995527e-04	-1.946398e-03	3.989413e-04	
7.292974e-04	7.661369e-04	2.995527e-04	1.251251e-03	-2.856205e-03	5.793356e-04	
-4.917480e-03	-5.323729e-03	-1.946398e-03	-2.856205e-03	2.025450e-02	-3.864664e-03	
9.871656e-04	1.053895e-03	3.989413e-04	5.793356e-04	-3.864664e-03	1.641884e-03	

VAR-COVAR MATRIX: ITER = 28000
1.996989e-03	1.294832e-03	4.771136e-04	7.031618e-04	-4.753077e-03	9.401864e-04	
1.294832e-03	2.271597e-03	5.343810e-04	7.352527e-04	-5.230657e-03	1.017139e-03	
4.771136e-04	5.343810e-04	1.023026e-03	2.938905e-04	-1.996640e-03	4.095468e-04	
7.031618e-04	7.352527e-04	2.938905e-04	1.247985e-03	-2.843143e-03	5.672857e-04	
-4.753077e-03	-5.230657e-03	-1.996640e-03	-2.843143e-03	2.000696e-02	-3.773724e-03	
9.401864e-04	1.017139e-03	4.095468e-04	5.672857e-04	-3.773724e-03	1.575975e-03	

VAR-COVAR MATRIX: ITER = 28500
2.058902e-03	1.393850e-03	5.136280e-04	7.628842e-04	-4.862882e-03	1.004998e-03	
1.393850e-03	2.425288e-03	5.940080e-04	8.432055e-04	-5.477915e-03	1.126622e-03	
5.136280e-04	5.940080e-04	1.043666e-03	3.247922e-04	-2.042503e-03	4.361923e-04	
7.628842e-04	8.432055e-04	3.247922e-04	1.281894e-03	-2.971453e-03	6.201804e-04	
-4.862882e-03	-5.477915e-03	-2.042503e-03	-2.971453e-03	1.979417e-02	-3.907340e-03	
1.004998e-03	1.126622e-03	4.361923e-04	6.201804e-04	-3.907340e-03	1.660267e-03	

VAR-COVAR MATRIX: ITER = 29000
2.147523e-03	1.483827e-03	5.393866e-04	7.945433e-04	-5.160911e-03	1.030643e-03	
1.483827e-03	2.447940e-03	5.798674e-04	8.582187e-04	-5.690421e-03	1.118754e-03	
5.393866e-04	5.798674e-04	1.060092e-03	3.261951e-04	-2.033836e-03	4.227046e-04	
7.945433e-04	8.582187e-04	3.261951e-04	1.270799e-03	-3.075142e-03	5.995078e-04	
-5.160911e-03	-5.690421e-03	-2.033836e-03	-3.075142e-03	2.085010e-02	-3.968800e-03	
1.030643e-03	1.118754e-03	4.227046e-04	5.995078e-04	-3.968800e-03	1.627173e-03	

VAR-COVAR MATRIX: ITER = 29500
2.018949e-03	1.327178e-03	4.684227e-04	6.676423e-04	-4.842667e-03	9.338240e-04	
1.327178e-03	2.315339e-03	5.126245e-04	7.117844e-04	-5.331535e-03	9.881588e-04	
4.684227e-04	5.126245e-04	1.003781e-03	2.568876e-04	-1.873987e-03	3.596750e-04	
6.676423e-04	7.117844e-04	2.568876e-04	1.172981e-03	-2.650605e-03	5.166172e-04	
-4.842667e-03	-5.331535e-03	-1.873987e-03	-2.650605e-03	2.016034e-02	-3.695854e-03	
9.338240e-04	9.881588e-04	3.596750e-04	5.166172e-04	-3.695854e-03	1.564765e-03	

VAR-COVAR MATRIX: ITER = 30000
2.064304e-03	1.386642e-03	5.061198e-04	7.103052e-04	-4.870821e-03	9.831353e-04	
1.386642e-03	2.442201e-03	5.647175e-04	8.176935e-04	-5.593063e-03	1.101846e-03	
5.061198e-04	5.647175e-04	1.021972e-03	2.923083e-04	-2.026851e-03	4.136471e-04	
7.103052e-04	8.176935e-04	2.923083e-04	1.238198e-03	-2.866618e-03	5.606823e-04	
-4.870821e-03	-5.593063e-03	-2.026851e-03	-2.866618e-03	2.034385e-02	-3.845190e-03	
9.831353e-04	1.101846e-03	4.136471e-04	5.606823e-04	-3.845190e-03	1.613116e-03	

VAR-COVAR MATRIX: ITER = 30500
2.051775e-03	1.400668e-03	5.465390e-04	7.442428e-04	-4.916805e-03	9.922642e-04	
1.400668e-03	2.427917e-03	6.091824e-04	8.085487e-04	-5.523589e-03	1.077666e-03	
5.465390e-04	6.091824e-04	1.073120e-03	3.436175e-04	-2.146053e-03	4.271989e-04	
7.442428e-04	8.085487e-04	3.436175e-04	1.272626e-03	-2.948563e-03	5.952152e-04	
-4.916805e-03	-5.523589e-03	-2.146053e-03	-2.948563e-03	2.026595e-02	-3.877831e-03	
9.922642e-04	1.077666e-03	4.271989e-04	5.952152e-04	-3.877831e-03	1.648758e-03	

VAR-COVAR MATRIX: ITER = 31000
2.042843e-03	1.399676e-03	5.418178e-04	7.162609e-04	-4.839886e-03	1.003564e-03	
1.399676e-03	2.458966e-03	5.992791e-04	8.063006e-04	-5.477815e-03	1.142820e-03	
5.418178e-04	5.992791e-04	1.054239e-03	3.168778e-04	-2.074580e-03	4.439890e-04	
7.162609e-04	8.063006e-04	3.168778e-04	1.235771e-03	-2.788857e-03	5.599919e-04	
-4.839886e-03	-5.477815e-03	-2.074580e-03	-2.788857e-03	1.976863e-02	-3.936257e-03	
1.003564e-03	1.142820e-03	4.439890e-04	5.599919e-04	-3.936257e-03	1.691564e-03	

VAR-COVAR MATRIX: ITER = 31500
1.949174e-03	1.308087e-03	4.376520e-04	6.749957e-04	-4.745689e-03	8.982162e-04	
1.308087e-03	2.371412e-03	5.120299e-04	7.389917e-04	-5.453490e-03	1.010435e-03	
4.376520e-04	5.120299e-04	9.894168e-04	2.687170e-04	-1.818679e-03	3.626573e-04	
6.749957e-04	7.389917e-04	2.687170e-04	1.216697e-03	-2.738677e-03	5.244604e-04	
-4.745689e-03	-5.453490e-03	-1.818679e-03	-2.738677e-03	2.056665e-02	-3.764024e-03	
8.982162e-04	1.010435e-03	3.626573e-04	5.244604e-04	-3.764024e-03	1.566105e-03	

VAR-COVAR MATRIX: ITER = 32000
2.080390e-03	1.433149e-03	5.217080e-04	7.514407e-04	-5.048364e-03	1.048818e-03	
1.433149e-03	2.499004e-03	5.993597e-04	8.365977e-04	-5.753387e-03	1.143154e-03	
5.217080e-04	5.993597e-04	1.057448e-03	3.096519e-04	-2.107928e-03	4.541401e-04	
7.514407e-04	8.365977e-04	3.096519e-04	1.263652e-03	-2.978382e-03	6.005713e-04	
-5.048364e-03	-5.753387e-03	-2.107928e-03	-2.978382e-03	2.089576e-02	-4.075147e-03	
1.048818e-03	1.143154e-03	4.541401e-04	6.005713e-04	-4.075147e-03	1.692547e-03	

VAR-COVAR MATRIX: ITER = 32500
2.156532e-03	1.445738e-03	5.717639e-04	7.846165e-04	-5.143372e-03	1.056893e-03	
1.445738e-03	2.431126e-03	6.135659e-04	8.536169e-04	-5.654200e-03	1.146449e-03	
5.717639e-04	6.135659e-04	1.067325e-03	3.355518e-04	-2.187328e-03	4.458801e-04	
7.846165e-04	8.536169e-04	3.355518e-04	1.292228e-03	-3.021888e-03	6.465580e-04	
-5.143372e-03	-5.654200e-03	-2.187328e-03	-3.021888e-03	2.080420e-02	-4.087829e-03	
1.056893e-03	1.146449e-03	4.458801e-04	6.465580e-04	-4.087829e-03	1.707155e-03	

VAR-COVAR MATRIX: ITER = 33000
2.123311e-03	1.393233e-03	5.555438e-04	7.227306e-04	-4.992230e-03	1.050641e-03	
1.393233e-03	2.376190e-03	6.028011e-04	7.628878e-04	-5.361171e-03	1.100608e-03	
5.555438e-04	6.028011e-04	1.082943e-03	3.165633e-04	-2.175314e-03	4.728496e-04	
7.227306e-04	7.628878e-04	3.165633e-04	1.233560e-03	-2.762456e-03	5.872152e-04	
-4.992230e-03	-5.361171e-03	-2.175314e-03	-2.762456e-03	2.000352e-02	-4.038114e-03	
1.050641e-03	1.100608e-03	4.728496e-04	5.872152e-04	-4.038114e-03	1.715317e-03	

VAR-COVAR MATRIX: ITER = 33500
2.241358e-03	1.505007e-03	6.440760e-04	8.302320e-04	-5.293117e-03	1.116874e-03	
1.505007e-03	2.451702e-03	6.919362e-04	8.636809e-04	-5.580476e-03	1.181251e-03	
6.440760e-04	6.919362e-04	1.098989e-03	3.697023e-04	-2.423352e-03	5.269059e-04	
8.302320e-04	8.636809e-04	3.697023e-04	1.257609e-03	-3.044625e-03	6.552388e-04	
-5.293117e-03	-5.580476e-03	-2.423352e-03	-3.044625e-03	2.032061e-02	-4.139811e-03	
1.116874e-03	1.181251e-03	5.269059e-04	6.552388e-04	-4.139811e-03	1.755140e-03	

VAR-COVAR MATRIX: ITER = 34000
2.212203e-03	1.487459e-03	6.257701e-04	8.499814e-04	-5.246603e-03	1.111941e-03	
1.487459e-03	2.440410e-03	6.819696e-04	8.960521e-04	-5.623205e-03	1.139127e-03	
6.257701e-04	6.819696e-04	1.116496e-03	4.057192e-04	-2.434191e-03	5.215868e-04	
8.499814e-04	8.960521e-04	4.057192e-04	1.327543e-03	-3.207760e-03	6.672733e-04	
-5.246603e-03	-5.623205e-03	-2.434191e-03	-3.207760e-03	2.050666e-02	-4.112907e-03	
1.111941e-03	1.139127e-03	5.215868e-04	6.672733e-04	-4.112907e-03	1.706499e-03	

VAR-COVAR MATRIX: ITER = 34500
2.071691e-03	1.373438e-03	5.305995e-04	7.122004e-04	-5.021295e-03	9.382654e-04	
1.373438e-03	2.382562e-03	5.747349e-04	7.712635e-04	-5.494423e-03	1.012490e-03	
5.305995e-04	5.747349e-04	1.048517e-03	3.104471e-04	-2.149953e-03	4.145428e-04	
7.122004e-04	7.712635e-04	3.104471e-04	1.234406e-03	-2.867756e-03	5.378916e-04	
-5.021295e-03	-5.494423e-03	-2.149953e-03	-2.867756e-03	2.088553e-02	-3.794602e-03	
9.382654e-04	1.012490e-03	4.145428e-04	5.378916e-04	-3.794602e-03	1.584375e-03	

VAR-COVAR MATRIX: ITER = 35000
2.124141e-03	1.388749e-03	5.270592e-04	7.709787e-04	-5.025837e-03	1.025550e-03	
1.388749e-03	2.362206e-03	5.556538e-04	8.256180e-04	-5.440441e-03	1.096139e-03	
5.270592e-04	5.556538e-04	1.031538e-03	3.127525e-04	-2.048444e-03	4.267778e-04	
7.709787e-04	8.256180e-04	3.127525e-04	1.283821e-03	-3.021621e-03	6.119898e-04	
-5.025837e-03	-5.440441e-03	-2.048444e-03	-3.021621e-03	2.043803e-02	-3.982268e-03	
1.025550e-03	1.096139e-03	4.267778e-04	6.119898e-04	-3.982268e-03	1.665230e-03	

VAR-COVAR MATRIX: ITER = 35500
2.088649e-03	1.414758e-03	5.309982e-04	7.694620e-04	-4.988102e-03	9.749691e-04	
1.414758e-03	2.426631e-03	5.906478e-04	8.516208e-04	-5.551457e-03	1.083514e-03	
5.309982e-04	5.906478e-04	1.056771e-03	3.147005e-04	-2.089872e-03	4.190330e-04	
7.694620e-04	8.516208e-04	3.147005e-04	1.310648e-03	-3.082770e-03	6.011017e-04	
-4.988102e-03	-5.551457e-03	-2.089872e-03	-3.082770e-03	2.035260e-02	-3.807934e-03	
9.749691e-04	1.083514e-03	4.190330e-04	6.011017e-04	-3.807934e-03	1.619246e-03	

VAR-COVAR MATRIX: ITER = 36000
2.072450e-03	1.374147e-03	5.424966e-04	7.202968e-04	-4.989307e-03	9.702379e-04	
1.374147e-03	2.375582e-03	5.750714e-04	7.790755e-04	-5.466966e-03	1.061602e-03	
5.424966e-04	5.750714e-04	1.057681e-03	2.973636e-04	-2.078673e-03	4.032896e-04	
7.202968e-04	7.790755e-04	2.973636e-04	1.235888e-03	-2.813498e-03	5.398422e-04	
-4.989307e-03	-5.466966e-03	-2.078673e-03	-2.813498e-03	2.022267e-02	-3.793644e-03	
9.702379e-04	1.061602e-03	4.032896e-04	5.398422e-04	-3.793644e-03	1.585821e-03	

VAR-COVAR MATRIX: ITER = 36500
2.201319e-03	1.467324e-03	5.939718e-04	8.166588e-04	-5.286205e-03	1.041103e-03	
1.467324e-03	2.424958e-03	6.057442e-04	8.253335e-04	-5.596993e-03	1.066892e-03	
5.939718e-04	6.057442e-04	1.059728e-03	3.481711e-04	-2.242335e-03	4.581493e-04	
8.166588e-04	8.253335e-04	3.481711e-04	1.293085e-03	-3.008683e-03	5.984762e-04	
-5.286205e-03	-5.596993e-03	-2.242335e-03	-3.008683e-03	2.071453e-02	-3.900878e-03	
1.041103e-03	1.066892e-03	4.581493e-04	5.984762e-04	-3.900878e-03	1.615732e-03	

VAR-COVAR MATRIX: ITER = 37000
2.201095e-03	1.453340e-03	5.724780e-04	7.944683e-04	-5.236139e-03	1.056550e-03	
1.453340e-03	2.387366e-03	5.930857e-04	8.098864e-04	-5.522110e-03	1.090731e-03	
5.724780e-04	5.930857e-04	1.073179e-03	3.347845e-04	-2.192108e-03	4.465640e-04	
7.944683e-04	8.098864e-04	3.347845e-04	1.257031e-03	-2.930506e-03	5.797490e-04	
-5.236139e-03	-5.522110e-03	-2.192108e-03	-2.930506e-03	2.060411e-02	-3.943442e-03	
1.056550e-03	1.090731e-03	4.465640e-04	5.797490e-04	-3.943442e-03	1.644783e-03	

VAR-COVAR MATRIX: ITER = 37500
2.236749e-03	1.501553e-03	6.214039e-04	8.416305e-04	-5.270310e-03	1.110487e-03	
1.501553e-03	2.487322e-03	6.688760e-04	8.770800e-04	-5.686093e-03	1.159296e-03	
6.214039e-04	6.688760e-04	1.107308e-03	3.808660e-04	-2.330320e-03	4.810288e-04	
8.416305e-04	8.770800e-04	3.808660e-04	1.284496e-03	-3.121591e-03	6.426346e-04	
-5.270310e-03	-5.686093e-03	-2.330320e-03	-3.121591e-03	2.045014e-02	-4.110084e-03	
1.110487e-03	1.159296e-03	4.810288e-04	6.426346e-04	-4.110084e-03	1.723133e-03	

VAR-COVAR MATRIX: ITER = 38000
2.040413e-03	1.367916e-03	4.960476e-04	6.918285e-04	-4.809424e-03	9.254673e-04	
1.367916e-03	2.404981e-03	5.339030e-04	7.764095e-04	-5.413034e-03	1.016660e-03	
4.960476e-04	5.339030e-04	1.036900e-03	2.698889e-04	-1.920970e-03	3.714367e-04	
6.918285e-04	7.764095e-04	2.698889e-04	1.225534e-03	-2.768193e-03	5.277490e-04	
-4.809424e-03	-5.413034e-03	-1.920970e-03	-2.768193e-03	1.974665e-02	-3.637848e-03	
9.254673e-04	1.016660e-03	3.714367e-04	5.277490e-04	-3.637848e-03	1.540323e-03	

VAR-COVAR MATRIX: ITER = 38500
2.170362e-03	1.492137e-03	5.335362e-04	7.701362e-04	-5.172690e-03	1.069157e-03	
1.492137e-03	2.503592e-03	6.213141e-04	8.396925e-04	-5.686668e-03	1.164260e-03	
5.335362e-04	6.213141e-04	1.045673e-03	3.267434e-04	-2.108451e-03	4.334454e-04	
7.701362e-04	8.396925e-04	3.267434e-04	1.249163e-03	-2.928825e-03	6.044374e-04	
-5.172690e-03	-5.686668e-03	-2.108451e-03	-2.928825e-03	2.031715e-02	-4.009264e-03	
