2.033222e-03	1.355907e-03	5.686233e-04	6.787302e-04	-4.851434e-03	9.629512e-04	
1.355907e-03	2.394191e-03	6.297485e-04	7.703298e-04	-5.476089e-03	1.048606e-03	
5.686233e-04	6.297485e-04	1.070998e-03	3.236056e-04	-2.237004e-03	4.376210e-04	
6.787302e-04	7.703298e-04	3.236056e-04	1.221161e-03	-2.773796e-03	5.387753e-04	
-4.851434e-03	-5.476089e-03	-2.237004e-03	-2.773796e-03	2.018757e-02	-3.766364e-03	
9.629512e-04	1.048606e-03	4.376210e-04	5.387753e-04	-3.766364e-03	1.600752e-03	
