7.947973e-04	3.569019e-06	1.402230e-05	1.671004e-05	-1.662447e-05	4.922994e-06	
3.569019e-06	7.957989e-04	-1.152116e-05	-4.449359e-06	-1.180525e-05	2.624770e-07	
1.402230e-05	-1.152116e-05	7.925909e-04	4.883668e-06	2.532662e-06	1.337851e-05	
1.671004e-05	-4.449359e-06	4.883668e-06	7.910864e-04	-4.330333e-06	-1.975684e-06	
-1.662447e-05	-1.180525e-05	2.532662e-06	-4.330333e-06	8.734447e-04	-1.058076e-05	
4.922994e-06	2.624770e-07	1.337851e-05	-1.975684e-06	-1.058076e-05	8.111061e-04
