===== BAYENV2.0 =====

input file is set
Sample size file is set
number of populations is set
number of iterations is set
NGS is set
seed is set
TEST = 0 . So running matrix estimation
56 72
MCMC VER 0.71 (THREADED)
ITERATIONS = 100000
INPUT FILE = Y2017_filtered_snpsfile_18705.txt
SEED = -23456

num_alleles = 37410.000000
number of loci = 18705
VAR-COVAR MATRIX: ITER = 500
3.695220e-03	5.971192e-04	3.336835e-04	4.798576e-04	-5.429667e-03	9.791681e-04	
5.971192e-04	4.625447e-03	-1.018606e-04	1.116492e-05	-6.067747e-03	5.861773e-04	
3.336835e-04	-1.018606e-04	3.346040e-03	3.977819e-04	-2.753589e-03	7.505422e-04	
4.798576e-04	1.116492e-05	3.977819e-04	3.121178e-03	-3.716083e-03	6.319113e-04	
-5.429667e-03	-6.067747e-03	-2.753589e-03	-3.716083e-03	2.056632e-02	-3.939434e-03	
9.791681e-04	5.861773e-04	7.505422e-04	6.319113e-04	-3.939434e-03	4.322385e-03	

VAR-COVAR MATRIX: ITER = 1000
2.581069e-03	1.010628e-03	4.674873e-04	6.691758e-04	-4.605151e-03	8.473402e-04	
1.010628e-03	3.303669e-03	2.512869e-04	5.096842e-04	-5.109522e-03	7.247396e-04	
4.674873e-04	2.512869e-04	1.888612e-03	3.610838e-04	-2.467802e-03	4.232817e-04	
6.691758e-04	5.096842e-04	3.610838e-04	2.074037e-03	-3.266379e-03	5.081177e-04	
-4.605151e-03	-5.109522e-03	-2.467802e-03	-3.266379e-03	1.720515e-02	-3.729893e-03	
8.473402e-04	7.247396e-04	4.232817e-04	5.081177e-04	-3.729893e-03	2.571137e-03	

VAR-COVAR MATRIX: ITER = 1500
2.096139e-03	1.150251e-03	5.713226e-04	7.551978e-04	-4.202391e-03	9.256146e-04	
1.150251e-03	2.589733e-03	4.939294e-04	7.261820e-04	-4.639259e-03	8.780978e-04	
5.713226e-04	4.939294e-04	1.409720e-03	4.126191e-04	-2.408317e-03	4.963031e-04	
7.551978e-04	7.261820e-04	4.126191e-04	1.547642e-03	-3.028921e-03	5.933481e-04	
-4.202391e-03	-4.639259e-03	-2.408317e-03	-3.028921e-03	1.505134e-02	-3.535723e-03	
9.256146e-04	8.780978e-04	4.963031e-04	5.933481e-04	-3.535723e-03	1.932960e-03	

VAR-COVAR MATRIX: ITER = 2000
1.741985e-03	1.106030e-03	5.558349e-04	7.447105e-04	-3.738681e-03	8.496043e-04	
1.106030e-03	2.081925e-03	5.387022e-04	7.430685e-04	-4.032370e-03	8.686225e-04	
5.558349e-04	5.387022e-04	1.034481e-03	4.165778e-04	-2.107899e-03	4.546855e-04	
7.447105e-04	7.430685e-04	4.165778e-04	1.257927e-03	-2.716834e-03	5.897570e-04	
-3.738681e-03	-4.032370e-03	-2.107899e-03	-2.716834e-03	1.306538e-02	-3.109803e-03	
8.496043e-04	8.686225e-04	4.546855e-04	5.897570e-04	-3.109803e-03	1.494878e-03	

VAR-COVAR MATRIX: ITER = 2500
1.427816e-03	9.512387e-04	4.713019e-04	6.473419e-04	-3.156129e-03	7.225703e-04	
9.512387e-04	1.687355e-03	4.786419e-04	6.759808e-04	-3.419436e-03	7.612425e-04	
4.713019e-04	4.786419e-04	8.312628e-04	3.586706e-04	-1.766928e-03	3.861683e-04	
6.473419e-04	6.759808e-04	3.586706e-04	1.017280e-03	-2.329630e-03	5.128224e-04	
-3.156129e-03	-3.419436e-03	-1.766928e-03	-2.329630e-03	1.123685e-02	-2.602412e-03	
7.225703e-04	7.612425e-04	3.861683e-04	5.128224e-04	-2.602412e-03	1.193270e-03	

VAR-COVAR MATRIX: ITER = 3000
1.164625e-03	7.550267e-04	3.523081e-04	4.915692e-04	-2.594231e-03	5.728834e-04	
7.550267e-04	1.343100e-03	3.708877e-04	5.253698e-04	-2.822736e-03	5.976101e-04	
3.523081e-04	3.708877e-04	6.619547e-04	2.519510e-04	-1.369061e-03	2.924642e-04	
4.915692e-04	5.253698e-04	2.519510e-04	8.060385e-04	-1.833275e-03	3.876754e-04	
-2.594231e-03	-2.822736e-03	-1.369061e-03	-1.833275e-03	9.826910e-03	-2.126260e-03	
5.728834e-04	5.976101e-04	2.924642e-04	3.876754e-04	-2.126260e-03	9.564717e-04	

VAR-COVAR MATRIX: ITER = 3500
9.470931e-04	5.894317e-04	2.583612e-04	3.752759e-04	-2.062568e-03	4.280170e-04	
5.894317e-04	1.114565e-03	2.808975e-04	4.078118e-04	-2.296026e-03	4.647849e-04	
2.583612e-04	2.808975e-04	5.540176e-04	1.885119e-04	-1.026052e-03	2.132454e-04	
3.752759e-04	4.078118e-04	1.885119e-04	6.816975e-04	-1.456737e-03	2.977436e-04	
-2.062568e-03	-2.296026e-03	-1.026052e-03	-1.456737e-03	8.279590e-03	-1.682657e-03	
4.280170e-04	4.647849e-04	2.132454e-04	2.977436e-04	-1.682657e-03	7.924909e-04	

VAR-COVAR MATRIX: ITER = 4000
7.914633e-04	4.349733e-04	1.910794e-04	2.683653e-04	-1.606782e-03	3.225904e-04	
4.349733e-04	8.889076e-04	1.979753e-04	2.911731e-04	-1.758036e-03	3.445861e-04	
1.910794e-04	1.979753e-04	4.954346e-04	1.287754e-04	-7.842671e-04	1.536034e-04	
2.683653e-04	2.911731e-04	1.287754e-04	5.857659e-04	-1.108116e-03	2.145840e-04	
-1.606782e-03	-1.758036e-03	-7.842671e-04	-1.108116e-03	6.812528e-03	-1.286472e-03	
3.225904e-04	3.445861e-04	1.536034e-04	2.145840e-04	-1.286472e-03	6.644540e-04	

VAR-COVAR MATRIX: ITER = 4500
6.792133e-04	3.218347e-04	1.344824e-04	1.995891e-04	-1.257886e-03	2.328532e-04	
3.218347e-04	7.513145e-04	1.422737e-04	2.174634e-04	-1.368323e-03	2.539341e-04	
1.344824e-04	1.422737e-04	4.452778e-04	8.671617e-05	-5.701637e-04	1.041932e-04	
1.995891e-04	2.174634e-04	8.671617e-05	5.168723e-04	-8.501932e-04	1.551216e-04	
-1.257886e-03	-1.368323e-03	-5.701637e-04	-8.501932e-04	5.676558e-03	-9.953342e-04	
2.328532e-04	2.539341e-04	1.041932e-04	1.551216e-04	-9.953342e-04	5.770371e-04	

VAR-COVAR MATRIX: ITER = 5000
5.788286e-04	2.200328e-04	8.160576e-05	1.191965e-04	-9.074593e-04	1.527743e-04	
2.200328e-04	6.245002e-04	8.439539e-05	1.396923e-04	-1.000385e-03	1.561193e-04	
8.160576e-05	8.439539e-05	4.113848e-04	5.026145e-05	-3.755261e-04	6.065946e-05	
1.191965e-04	1.396923e-04	5.026145e-05	4.566320e-04	-5.643806e-04	8.900751e-05	
-9.074593e-04	-1.000385e-03	-3.755261e-04	-5.643806e-04	4.513055e-03	-6.884422e-04	
1.527743e-04	1.561193e-04	6.065946e-05	8.900751e-05	-6.884422e-04	5.040059e-04	

VAR-COVAR MATRIX: ITER = 5500
5.221443e-04	1.557200e-04	6.291522e-05	9.144545e-05	-6.399791e-04	1.063639e-04	
1.557200e-04	5.489396e-04	6.652690e-05	1.033741e-04	-6.959143e-04	1.100765e-04	
6.291522e-05	6.652690e-05	4.080631e-04	4.217104e-05	-2.887664e-04	5.099717e-05	
9.144545e-05	1.033741e-04	4.217104e-05	4.310108e-04	-4.106808e-04	6.417520e-05	
-6.399791e-04	-6.959143e-04	-2.887664e-04	-4.106808e-04	3.255025e-03	-4.797669e-04	
1.063639e-04	1.100765e-04	5.099717e-05	6.417520e-05	-4.797669e-04	4.623379e-04	

VAR-COVAR MATRIX: ITER = 6000
4.726457e-04	1.119820e-04	4.325881e-05	6.779920e-05	-4.502010e-04	7.773254e-05	
1.119820e-04	4.981906e-04	4.324990e-05	7.470824e-05	-4.943061e-04	7.797793e-05	
4.325881e-05	4.324990e-05	3.992515e-04	2.970603e-05	-1.943695e-04	3.828693e-05	
6.779920e-05	7.470824e-05	2.970603e-05	4.175931e-04	-2.998379e-04	5.267584e-05	
-4.502010e-04	-4.943061e-04	-1.943695e-04	-2.998379e-04	2.393805e-03	-3.370453e-04	
7.773254e-05	7.797793e-05	3.828693e-05	5.267584e-05	-3.370453e-04	4.308769e-04	

VAR-COVAR MATRIX: ITER = 6500
4.379096e-04	7.493252e-05	3.200416e-05	4.811562e-05	-3.083691e-04	4.862944e-05	
7.493252e-05	4.504359e-04	3.349978e-05	5.697896e-05	-3.363877e-04	5.313919e-05	
3.200416e-05	3.349978e-05	3.880344e-04	2.393021e-05	-1.323555e-04	2.314818e-05	
4.811562e-05	5.697896e-05	2.393021e-05	4.046764e-04	-2.120001e-04	3.553162e-05	
-3.083691e-04	-3.363877e-04	-1.323555e-04	-2.120001e-04	1.730544e-03	-2.296062e-04	
4.862944e-05	5.313919e-05	2.314818e-05	3.553162e-05	-2.296062e-04	4.102719e-04	

VAR-COVAR MATRIX: ITER = 7000
4.110692e-04	4.420074e-05	1.588002e-05	2.861870e-05	-1.897141e-04	3.359250e-05	
4.420074e-05	4.263200e-04	2.428057e-05	3.433982e-05	-2.078973e-04	3.427799e-05	
1.588002e-05	2.428057e-05	3.811358e-04	1.241955e-05	-8.669733e-05	1.283540e-05	
2.861870e-05	3.433982e-05	1.241955e-05	3.901715e-04	-1.236146e-04	2.185844e-05	
-1.897141e-04	-2.078973e-04	-8.669733e-05	-1.236146e-04	1.236785e-03	-1.493850e-04	
3.359250e-05	3.427799e-05	1.283540e-05	2.185844e-05	-1.493850e-04	3.960005e-04	

VAR-COVAR MATRIX: ITER = 7500
4.001037e-04	2.717148e-05	1.029838e-05	2.039488e-05	-1.255241e-04	2.847469e-05	
2.717148e-05	4.080571e-04	1.805911e-05	1.760314e-05	-1.355477e-04	2.480617e-05	
1.029838e-05	1.805911e-05	3.780821e-04	5.264080e-06	-5.702301e-05	5.749923e-06	
2.039488e-05	1.760314e-05	5.264080e-06	3.797933e-04	-7.321351e-05	1.304348e-05	
-1.255241e-04	-1.355477e-04	-5.702301e-05	-7.321351e-05	9.080187e-04	-9.930653e-05	
2.847469e-05	2.480617e-05	5.749923e-06	1.304348e-05	-9.930653e-05	3.844890e-04	

VAR-COVAR MATRIX: ITER = 8000
3.841888e-04	1.534349e-05	8.159427e-06	1.354584e-05	-6.956914e-05	1.291558e-05	
1.534349e-05	3.927947e-04	7.668159e-06	1.299237e-05	-8.256661e-05	1.607403e-05	
8.159427e-06	7.668159e-06	3.752293e-04	5.704356e-06	-3.542606e-05	6.531114e-06	
1.354584e-05	1.299237e-05	5.704356e-06	3.821766e-04	-4.922733e-05	8.549729e-06	
-6.956914e-05	-8.256661e-05	-3.542606e-05	-4.922733e-05	6.885894e-04	-5.723450e-05	
1.291558e-05	1.607403e-05	6.531114e-06	8.549729e-06	-5.723450e-05	3.863177e-04	

VAR-COVAR MATRIX: ITER = 8500
3.831942e-04	1.596869e-05	7.181808e-06	9.914014e-06	-4.281279e-05	8.668188e-06	
1.596869e-05	3.881304e-04	3.207076e-06	1.202978e-05	-5.112526e-05	9.096596e-06	
7.181808e-06	3.207076e-06	3.742687e-04	3.259583e-06	-2.873588e-05	6.675633e-06	
9.914014e-06	1.202978e-05	3.259583e-06	3.754065e-04	-2.850036e-05	5.566829e-06	
-4.281279e-05	-5.112526e-05	-2.873588e-05	-2.850036e-05	5.582766e-04	-3.718797e-05	
8.668188e-06	9.096596e-06	6.675633e-06	5.566829e-06	-3.718797e-05	3.780651e-04	

VAR-COVAR MATRIX: ITER = 9000
3.738934e-04	3.580680e-06	-1.075528e-06	-9.933943e-07	-2.511694e-05	1.015054e-05	
3.580680e-06	3.811834e-04	7.357053e-07	3.235610e-06	-2.801080e-05	4.751179e-06	
-1.075528e-06	7.357053e-07	3.699962e-04	-3.066657e-06	-1.537265e-05	4.386720e-06	
-9.933943e-07	3.235610e-06	-3.066657e-06	3.827387e-04	-1.734206e-05	2.105279e-06	
-2.511694e-05	-2.801080e-05	-1.537265e-05	-1.734206e-05	4.840975e-04	-2.459119e-05	
1.015054e-05	4.751179e-06	4.386720e-06	2.105279e-06	-2.459119e-05	3.781589e-04	

VAR-COVAR MATRIX: ITER = 9500
3.719776e-04	3.103823e-06	2.050596e-06	5.870962e-06	-1.522709e-05	9.780367e-06	
3.103823e-06	3.747268e-04	1.889919e-06	2.767064e-06	-1.463957e-05	1.691636e-06	
2.050596e-06	1.889919e-06	3.681591e-04	2.540081e-06	-3.280077e-06	4.330501e-06	
5.870962e-06	2.767064e-06	2.540081e-06	3.817553e-04	-9.156049e-06	3.642616e-06	
-1.522709e-05	-1.463957e-05	-3.280077e-06	-9.156049e-06	4.409083e-04	-1.543486e-05	
9.780367e-06	1.691636e-06	4.330501e-06	3.642616e-06	-1.543486e-05	3.708763e-04	

VAR-COVAR MATRIX: ITER = 10000
3.743920e-04	3.360568e-06	2.582638e-06	2.788154e-06	-1.055292e-05	4.990528e-06	
3.360568e-06	3.784643e-04	2.190414e-06	4.599353e-06	-1.291654e-05	2.277943e-06	
2.582638e-06	2.190414e-06	3.694694e-04	1.557852e-06	-5.338116e-06	-4.122795e-07	
2.788154e-06	4.599353e-06	1.557852e-06	3.694192e-04	-8.647864e-06	3.430456e-06	
-1.055292e-05	-1.291654e-05	-5.338116e-06	-8.647864e-06	4.147121e-04	-8.793475e-06	
4.990528e-06	2.277943e-06	-4.122795e-07	3.430456e-06	-8.793475e-06	3.691121e-04	

VAR-COVAR MATRIX: ITER = 10500
3.713393e-04	1.975856e-06	1.547104e-06	3.033715e-06	-7.439047e-06	4.379630e-06	
1.975856e-06	3.733319e-04	-1.602448e-06	5.112021e-06	-8.393236e-06	-9.827441e-07	
1.547104e-06	-1.602448e-06	3.710269e-04	-6.744871e-07	-5.218224e-06	4.009249e-06	
3.033715e-06	5.112021e-06	-6.744871e-07	3.756341e-04	-5.601573e-06	6.846945e-07	
-7.439047e-06	-8.393236e-06	-5.218224e-06	-5.601573e-06	4.080280e-04	-4.541223e-06	
4.379630e-06	-9.827441e-07	4.009249e-06	6.846945e-07	-4.541223e-06	3.683087e-04	

VAR-COVAR MATRIX: ITER = 11000
3.748428e-04	1.964109e-06	1.733271e-06	1.487122e-07	-5.978618e-06	1.448867e-06	
1.964109e-06	3.648210e-04	1.813738e-06	-2.131716e-06	-1.022391e-05	3.297855e-06	
1.733271e-06	1.813738e-06	3.702277e-04	5.432156e-07	-6.356861e-06	9.186169e-06	
1.487122e-07	-2.131716e-06	5.432156e-07	3.648774e-04	-1.950450e-06	-2.301184e-06	
-5.978618e-06	-1.022391e-05	-6.356861e-06	-1.950450e-06	4.028043e-04	-3.001311e-06	
1.448867e-06	3.297855e-06	9.186169e-06	-2.301184e-06	-3.001311e-06	3.725244e-04	

VAR-COVAR MATRIX: ITER = 11500
3.658274e-04	-1.417488e-06	5.530264e-06	4.188396e-06	-4.043502e-06	3.260707e-06	
-1.417488e-06	3.776721e-04	5.604716e-06	3.956097e-07	-6.649266e-06	8.368284e-07	
5.530264e-06	5.604716e-06	3.768836e-04	7.110499e-07	-4.618588e-07	2.015280e-06	
4.188396e-06	3.956097e-07	7.110499e-07	3.687698e-04	-5.844191e-07	-4.412265e-06	
-4.043502e-06	-6.649266e-06	-4.618588e-07	-5.844191e-07	3.982452e-04	-2.122028e-06	
3.260707e-06	8.368284e-07	2.015280e-06	-4.412265e-06	-2.122028e-06	3.753149e-04	

VAR-COVAR MATRIX: ITER = 12000
3.712490e-04	3.187116e-06	4.849589e-06	4.507224e-07	-7.286843e-06	3.289253e-06	
3.187116e-06	3.752478e-04	1.884277e-06	3.023953e-06	-5.422107e-06	-1.424316e-06	
4.849589e-06	1.884277e-06	3.767428e-04	-4.751998e-07	-1.984427e-07	3.163755e-06	
4.507224e-07	3.023953e-06	-4.751998e-07	3.730813e-04	-3.567297e-06	-1.308032e-06	
-7.286843e-06	-5.422107e-06	-1.984427e-07	-3.567297e-06	3.864717e-04	-3.482673e-06	
3.289253e-06	-1.424316e-06	3.163755e-06	-1.308032e-06	-3.482673e-06	3.723478e-04	

VAR-COVAR MATRIX: ITER = 12500
3.733867e-04	1.471441e-06	1.994089e-07	3.158200e-06	-1.942612e-06	6.867614e-06	
1.471441e-06	3.760227e-04	8.564332e-07	2.519560e-06	-4.071595e-06	3.030124e-06	
1.994089e-07	8.564332e-07	3.741028e-04	2.933276e-07	9.343355e-07	4.912257e-06	
3.158200e-06	2.519560e-06	2.933276e-07	3.706985e-04	-1.103671e-06	2.098249e-06	
-1.942612e-06	-4.071595e-06	9.343355e-07	-1.103671e-06	3.935080e-04	-1.650430e-08	
6.867614e-06	3.030124e-06	4.912257e-06	2.098249e-06	-1.650430e-08	3.669785e-04	

VAR-COVAR MATRIX: ITER = 13000
3.691401e-04	-5.390084e-07	-7.637933e-06	5.179896e-06	-3.242833e-06	6.057809e-06	
-5.390084e-07	3.725051e-04	-9.215140e-07	-4.143304e-06	-6.835717e-06	-2.252946e-06	
-7.637933e-06	-9.215140e-07	3.704485e-04	-1.713893e-06	2.089414e-07	4.221928e-06	
5.179896e-06	-4.143304e-06	-1.713893e-06	3.735294e-04	1.983471e-07	1.858245e-06	
-3.242833e-06	-6.835717e-06	2.089414e-07	1.983471e-07	3.917876e-04	-8.558071e-07	
6.057809e-06	-2.252946e-06	4.221928e-06	1.858245e-06	-8.558071e-07	3.659717e-04	

VAR-COVAR MATRIX: ITER = 13500
3.735772e-04	-3.011970e-06	1.468968e-06	2.192669e-06	1.512003e-06	2.442524e-06	
-3.011970e-06	3.783303e-04	2.535420e-06	7.297560e-07	-2.572083e-06	-4.227239e-06	
1.468968e-06	2.535420e-06	3.789167e-04	8.423526e-08	5.723472e-06	-5.855189e-08	
2.192669e-06	7.297560e-07	8.423526e-08	3.709121e-04	1.939103e-07	1.671570e-06	
1.512003e-06	-2.572083e-06	5.723472e-06	1.939103e-07	3.862836e-04	-2.424717e-06	
2.442524e-06	-4.227239e-06	-5.855189e-08	1.671570e-06	-2.424717e-06	3.713507e-04	

VAR-COVAR MATRIX: ITER = 14000
3.753333e-04	3.391143e-06	-1.724515e-07	2.233544e-07	-5.928781e-06	3.673970e-06	
3.391143e-06	3.756606e-04	3.881675e-06	-1.622641e-06	-8.707021e-07	2.609268e-06	
-1.724515e-07	3.881675e-06	3.755683e-04	4.058342e-06	2.235096e-06	-4.640433e-07	
2.233544e-07	-1.622641e-06	4.058342e-06	3.700916e-04	1.009587e-06	-2.346141e-06	
-5.928781e-06	-8.707021e-07	2.235096e-06	1.009587e-06	3.870052e-04	3.485711e-06	
3.673970e-06	2.609268e-06	-4.640433e-07	-2.346141e-06	3.485711e-06	3.715153e-04	

VAR-COVAR MATRIX: ITER = 14500
3.688825e-04	1.747464e-06	-1.674539e-06	5.849171e-06	-7.324357e-06	4.971998e-06	
1.747464e-06	3.734846e-04	1.112955e-06	3.259882e-06	-1.407581e-06	4.167885e-06	
-1.674539e-06	1.112955e-06	3.757144e-04	1.411919e-06	2.562927e-06	-2.488471e-06	
5.849171e-06	3.259882e-06	1.411919e-06	3.701139e-04	2.180361e-06	6.366160e-06	
-7.324357e-06	-1.407581e-06	2.562927e-06	2.180361e-06	3.904668e-04	2.705525e-06	
4.971998e-06	4.167885e-06	-2.488471e-06	6.366160e-06	2.705525e-06	3.730072e-04	

VAR-COVAR MATRIX: ITER = 15000
3.705537e-04	2.104437e-06	7.266619e-07	5.113195e-06	-2.297602e-06	6.487263e-07	
2.104437e-06	3.650974e-04	-6.136761e-07	-1.552921e-06	-2.018258e-06	-1.301528e-06	
7.266619e-07	-6.136761e-07	3.728717e-04	-4.313559e-07	-3.296866e-06	1.609683e-06	
5.113195e-06	-1.552921e-06	-4.313559e-07	3.719258e-04	-2.920265e-06	3.080885e-06	
-2.297602e-06	-2.018258e-06	-3.296866e-06	-2.920265e-06	3.906481e-04	9.097569e-07	
6.487263e-07	-1.301528e-06	1.609683e-06	3.080885e-06	9.097569e-07	3.679185e-04	

VAR-COVAR MATRIX: ITER = 15500
3.733323e-04	-5.299475e-07	7.679599e-09	1.090484e-06	-1.390747e-06	-6.838736e-07	
-5.299475e-07	3.717500e-04	5.787426e-06	2.672990e-06	-8.946284e-06	-3.156600e-06	
7.679599e-09	5.787426e-06	3.706895e-04	3.203772e-06	4.420361e-06	-2.134869e-06	
1.090484e-06	2.672990e-06	3.203772e-06	3.675820e-04	1.662562e-06	2.748757e-06	
-1.390747e-06	-8.946284e-06	4.420361e-06	1.662562e-06	3.886971e-04	-1.794100e-06	
-6.838736e-07	-3.156600e-06	-2.134869e-06	2.748757e-06	-1.794100e-06	3.736044e-04	

VAR-COVAR MATRIX: ITER = 16000
3.780072e-04	1.496137e-06	-1.288339e-06	1.576105e-06	-2.974873e-06	1.753689e-06	
1.496137e-06	3.672878e-04	1.916643e-06	1.374552e-06	-1.641641e-06	4.093666e-06	
-1.288339e-06	1.916643e-06	3.684764e-04	1.075189e-06	-2.175499e-06	2.237669e-06	
1.576105e-06	1.374552e-06	1.075189e-06	3.645098e-04	-4.190523e-06	5.464819e-06	
-2.974873e-06	-1.641641e-06	-2.175499e-06	-4.190523e-06	3.834849e-04	-2.094704e-06	
1.753689e-06	4.093666e-06	2.237669e-06	5.464819e-06	-2.094704e-06	3.763342e-04	

VAR-COVAR MATRIX: ITER = 16500
3.787449e-04	3.390595e-06	2.138614e-06	-4.994944e-08	-1.831471e-06	1.648371e-06	
3.390595e-06	3.762910e-04	7.023336e-07	2.300540e-07	-6.590980e-06	6.044629e-06	
2.138614e-06	7.023336e-07	3.692569e-04	-2.586030e-06	-4.686965e-07	-2.200842e-06	
-4.994944e-08	2.300540e-07	-2.586030e-06	3.703563e-04	-2.950531e-07	-1.104579e-06	
-1.831471e-06	-6.590980e-06	-4.686965e-07	-2.950531e-07	3.845069e-04	6.376296e-07	
1.648371e-06	6.044629e-06	-2.200842e-06	-1.104579e-06	6.376296e-07	3.744034e-04	

VAR-COVAR MATRIX: ITER = 17000
3.694445e-04	2.156731e-06	9.381619e-07	8.243665e-07	-4.258547e-06	8.567355e-07	
2.156731e-06	3.747258e-04	-2.088831e-06	5.542624e-06	-5.299525e-06	-2.943167e-06	
9.381619e-07	-2.088831e-06	3.723724e-04	-4.921366e-07	2.360073e-06	-1.519509e-06	
8.243665e-07	5.542624e-06	-4.921366e-07	3.777113e-04	-3.176942e-07	3.015335e-06	
-4.258547e-06	-5.299525e-06	2.360073e-06	-3.176942e-07	3.818151e-04	-1.234888e-06	
8.567355e-07	-2.943167e-06	-1.519509e-06	3.015335e-06	-1.234888e-06	3.753356e-04	

VAR-COVAR MATRIX: ITER = 17500
3.759565e-04	3.270020e-06	1.540411e-06	-4.053774e-07	-5.063101e-06	5.639338e-06	
3.270020e-06	3.775695e-04	-2.005613e-08	1.318303e-06	-1.355036e-06	8.798823e-07	
1.540411e-06	-2.005613e-08	3.778223e-04	-1.632821e-06	2.352595e-06	1.270608e-06	
-4.053774e-07	1.318303e-06	-1.632821e-06	3.706334e-04	-1.484892e-06	1.553129e-06	
-5.063101e-06	-1.355036e-06	2.352595e-06	-1.484892e-06	3.866648e-04	-1.546329e-06	
5.639338e-06	8.798823e-07	1.270608e-06	1.553129e-06	-1.546329e-06	3.770531e-04	

VAR-COVAR MATRIX: ITER = 18000
3.709506e-04	-2.145828e-07	4.603425e-06	5.405254e-06	-4.486739e-06	1.606243e-06	
-2.145828e-07	3.819166e-04	4.531253e-06	2.529190e-06	-1.588452e-06	-1.361715e-06	
4.603425e-06	4.531253e-06	3.748839e-04	-8.982074e-07	8.646626e-07	4.349592e-07	
5.405254e-06	2.529190e-06	-8.982074e-07	3.702900e-04	7.173239e-07	3.921732e-06	
-4.486739e-06	-1.588452e-06	8.646626e-07	7.173239e-07	3.876740e-04	-5.146555e-06	
1.606243e-06	-1.361715e-06	4.349592e-07	3.921732e-06	-5.146555e-06	3.788800e-04	

VAR-COVAR MATRIX: ITER = 18500
3.753946e-04	-6.735675e-07	3.416023e-06	1.653660e-06	1.709812e-07	1.828100e-06	
-6.735675e-07	3.768691e-04	2.421211e-06	1.673359e-06	-5.787008e-06	-3.161660e-07	
3.416023e-06	2.421211e-06	3.672954e-04	8.837600e-07	-3.048985e-06	-2.245607e-06	
1.653660e-06	1.673359e-06	8.837600e-07	3.733686e-04	-1.541809e-07	5.879919e-07	
1.709812e-07	-5.787008e-06	-3.048985e-06	-1.541809e-07	3.838577e-04	-2.382499e-06	
1.828100e-06	-3.161660e-07	-2.245607e-06	5.879919e-07	-2.382499e-06	3.773464e-04	

VAR-COVAR MATRIX: ITER = 19000
3.675101e-04	8.255892e-06	4.570585e-07	-1.823682e-06	-3.630713e-06	5.586290e-06	
8.255892e-06	3.682409e-04	2.009015e-06	2.737714e-06	-2.361316e-06	1.712547e-06	
4.570585e-07	2.009015e-06	3.684635e-04	3.585341e-06	-1.723624e-06	4.832079e-06	
-1.823682e-06	2.737714e-06	3.585341e-06	3.749846e-04	-4.015424e-06	3.039315e-06	
-3.630713e-06	-2.361316e-06	-1.723624e-06	-4.015424e-06	3.876322e-04	-1.361814e-06	
5.586290e-06	1.712547e-06	4.832079e-06	3.039315e-06	-1.361814e-06	3.716463e-04	

VAR-COVAR MATRIX: ITER = 19500
3.716366e-04	2.955930e-06	-3.455463e-06	5.333496e-07	-9.783728e-07	-1.173421e-06	
2.955930e-06	3.719091e-04	1.101506e-06	7.212848e-06	-1.989751e-06	-1.040681e-06	
-3.455463e-06	1.101506e-06	3.715388e-04	2.730341e-06	-3.909846e-07	6.795378e-06	
5.333496e-07	7.212848e-06	2.730341e-06	3.666116e-04	-4.660964e-06	-1.862608e-06	
-9.783728e-07	-1.989751e-06	-3.909846e-07	-4.660964e-06	3.901692e-04	4.166483e-06	
-1.173421e-06	-1.040681e-06	6.795378e-06	-1.862608e-06	4.166483e-06	3.707906e-04	

VAR-COVAR MATRIX: ITER = 20000
3.699995e-04	4.416210e-06	-1.417242e-06	3.429560e-06	-2.902958e-06	7.672928e-07	
4.416210e-06	3.666190e-04	4.782194e-06	2.460654e-06	-7.762002e-06	1.387354e-06	
-1.417242e-06	4.782194e-06	3.704646e-04	3.021925e-06	2.769440e-06	-2.515566e-06	
3.429560e-06	2.460654e-06	3.021925e-06	3.697772e-04	-4.734962e-06	1.769483e-06	
-2.902958e-06	-7.762002e-06	2.769440e-06	-4.734962e-06	3.882083e-04	2.921035e-06	
7.672928e-07	1.387354e-06	-2.515566e-06	1.769483e-06	2.921035e-06	3.777985e-04	

VAR-COVAR MATRIX: ITER = 20500
3.661533e-04	3.886546e-06	7.630890e-08	5.891110e-07	-3.988957e-06	1.956525e-06	
3.886546e-06	3.733816e-04	-4.970516e-07	2.431051e-06	-5.559520e-06	1.659880e-06	
7.630890e-08	-4.970516e-07	3.721950e-04	-1.982295e-06	-6.087576e-07	2.469531e-06	
5.891110e-07	2.431051e-06	-1.982295e-06	3.694986e-04	-1.964220e-06	4.839493e-06	
-3.988957e-06	-5.559520e-06	-6.087576e-07	-1.964220e-06	3.860138e-04	-5.006785e-06	
1.956525e-06	1.659880e-06	2.469531e-06	4.839493e-06	-5.006785e-06	3.720019e-04	

VAR-COVAR MATRIX: ITER = 21000
3.677372e-04	2.558165e-06	1.260378e-06	3.223752e-06	-1.992995e-06	3.339707e-06	
2.558165e-06	3.775338e-04	3.500267e-06	2.580646e-06	2.549105e-06	1.350282e-06	
1.260378e-06	3.500267e-06	3.683321e-04	4.026133e-06	1.366271e-06	5.770453e-07	
3.223752e-06	2.580646e-06	4.026133e-06	3.688642e-04	-3.669850e-06	1.016784e-07	
-1.992995e-06	2.549105e-06	1.366271e-06	-3.669850e-06	3.836344e-04	-2.794418e-06	
3.339707e-06	1.350282e-06	5.770453e-07	1.016784e-07	-2.794418e-06	3.695383e-04	

VAR-COVAR MATRIX: ITER = 21500
3.714760e-04	2.625787e-06	4.485997e-07	3.364183e-06	-1.013763e-06	4.858783e-06	
2.625787e-06	3.739099e-04	-3.293620e-06	4.891691e-06	-9.803492e-07	-6.234591e-07	
4.485997e-07	-3.293620e-06	3.656251e-04	3.111053e-07	2.166800e-06	1.455323e-06	
3.364183e-06	4.891691e-06	3.111053e-07	3.692171e-04	-7.108720e-06	-1.648241e-06	
-1.013763e-06	-9.803492e-07	2.166800e-06	-7.108720e-06	3.806574e-04	-5.358365e-07	
4.858783e-06	-6.234591e-07	1.455323e-06	-1.648241e-06	-5.358365e-07	3.711652e-04	

VAR-COVAR MATRIX: ITER = 22000
3.642025e-04	-1.688565e-06	4.678598e-06	-1.790617e-06	-6.960118e-06	5.456027e-06	
-1.688565e-06	3.699721e-04	3.384017e-06	1.345690e-06	-2.912345e-06	1.579686e-06	
4.678598e-06	3.384017e-06	3.680319e-04	1.809415e-06	-8.872344e-07	-7.873124e-07	
-1.790617e-06	1.345690e-06	1.809415e-06	3.744748e-04	-6.346170e-06	1.437142e-06	
-6.960118e-06	-2.912345e-06	-8.872344e-07	-6.346170e-06	3.818314e-04	-4.320332e-06	
5.456027e-06	1.579686e-06	-7.873124e-07	1.437142e-06	-4.320332e-06	3.721685e-04	

VAR-COVAR MATRIX: ITER = 22500
3.698462e-04	5.761659e-06	3.469134e-07	-2.728285e-06	-1.602937e-06	-2.713911e-06	
5.761659e-06	3.700698e-04	2.968677e-06	2.278777e-06	-1.185480e-07	4.121280e-06	
3.469134e-07	2.968677e-06	3.716518e-04	1.404615e-06	2.476442e-06	7.604849e-07	
-2.728285e-06	2.278777e-06	1.404615e-06	3.783301e-04	8.379355e-07	1.320714e-06	
-1.602937e-06	-1.185480e-07	2.476442e-06	8.379355e-07	3.940563e-04	-3.402427e-06	
-2.713911e-06	4.121280e-06	7.604849e-07	1.320714e-06	-3.402427e-06	3.736791e-04	

VAR-COVAR MATRIX: ITER = 23000
3.676167e-04	2.958949e-06	5.455216e-06	1.487312e-06	-2.071012e-06	5.408867e-07	
2.958949e-06	3.695488e-04	3.320930e-08	4.948583e-09	9.790321e-07	-3.707824e-06	
5.455216e-06	3.320930e-08	3.617159e-04	1.927083e-06	-2.773977e-06	2.840767e-06	
1.487312e-06	4.948583e-09	1.927083e-06	3.814770e-04	-2.208755e-06	4.098547e-06	
-2.071012e-06	9.790321e-07	-2.773977e-06	-2.208755e-06	3.937534e-04	-5.688143e-06	
5.408867e-07	-3.707824e-06	2.840767e-06	4.098547e-06	-5.688143e-06	3.675612e-04	

VAR-COVAR MATRIX: ITER = 23500
3.649002e-04	-3.278165e-06	3.184866e-06	-6.244630e-07	-3.876456e-06	1.794108e-06	
-3.278165e-06	3.680288e-04	2.551864e-07	-1.930423e-06	-1.655830e-06	-2.886000e-06	
3.184866e-06	2.551864e-07	3.760500e-04	3.145949e-06	-6.587348e-07	1.173299e-06	
-6.244630e-07	-1.930423e-06	3.145949e-06	3.731316e-04	-1.935663e-06	2.209079e-07	
-3.876456e-06	-1.655830e-06	-6.587348e-07	-1.935663e-06	3.893682e-04	-5.311192e-06	
1.794108e-06	-2.886000e-06	1.173299e-06	2.209079e-07	-5.311192e-06	3.737804e-04	

VAR-COVAR MATRIX: ITER = 24000
3.665019e-04	6.179013e-07	2.685954e-06	3.440968e-06	-1.169368e-06	7.614372e-06	
6.179013e-07	3.738681e-04	1.367871e-06	3.510132e-07	-4.621005e-06	1.511047e-06	
2.685954e-06	1.367871e-06	3.728863e-04	-5.305655e-07	1.378005e-06	1.112984e-06	
3.440968e-06	3.510132e-07	-5.305655e-07	3.677147e-04	-4.641625e-07	1.785350e-06	
-1.169368e-06	-4.621005e-06	1.378005e-06	-4.641625e-07	3.858759e-04	-3.230470e-06	
7.614372e-06	1.511047e-06	1.112984e-06	1.785350e-06	-3.230470e-06	3.737009e-04	

VAR-COVAR MATRIX: ITER = 24500
3.712631e-04	-2.981016e-06	-1.845551e-07	3.342557e-06	-2.510800e-06	-4.244818e-06	
-2.981016e-06	3.708488e-04	4.042428e-06	-3.457138e-06	-5.404252e-06	-6.141938e-07	
-1.845551e-07	4.042428e-06	3.726987e-04	-5.873844e-07	7.415850e-07	-3.993087e-07	
3.342557e-06	-3.457138e-06	-5.873844e-07	3.703156e-04	-1.079163e-06	2.262010e-06	
-2.510800e-06	-5.404252e-06	7.415850e-07	-1.079163e-06	3.886278e-04	-5.651686e-07	
-4.244818e-06	-6.141938e-07	-3.993087e-07	2.262010e-06	-5.651686e-07	3.740001e-04	

VAR-COVAR MATRIX: ITER = 25000
3.725540e-04	1.732864e-06	3.809528e-06	1.034647e-06	9.508477e-07	-1.267111e-06	
1.732864e-06	3.698888e-04	6.623136e-08	-1.057283e-06	-6.986948e-06	-1.202438e-06	
3.809528e-06	6.623136e-08	3.738239e-04	1.842943e-06	-1.879805e-06	-5.967766e-07	
1.034647e-06	-1.057283e-06	1.842943e-06	3.687207e-04	6.113404e-07	7.723168e-07	
9.508477e-07	-6.986948e-06	-1.879805e-06	6.113404e-07	3.927105e-04	2.280018e-06	
-1.267111e-06	-1.202438e-06	-5.967766e-07	7.723168e-07	2.280018e-06	3.744958e-04	

VAR-COVAR MATRIX: ITER = 25500
3.641317e-04	3.128444e-06	2.783210e-06	-1.364762e-07	-2.653285e-06	6.826471e-06	
3.128444e-06	3.745288e-04	6.678930e-06	4.544280e-07	-3.535635e-06	2.528627e-06	
2.783210e-06	6.678930e-06	3.681669e-04	3.797600e-06	-9.871039e-07	-6.998798e-06	
-1.364762e-07	4.544280e-07	3.797600e-06	3.726597e-04	-3.388327e-06	-2.874389e-06	
-2.653285e-06	-3.535635e-06	-9.871039e-07	-3.388327e-06	3.899740e-04	1.473764e-06	
6.826471e-06	2.528627e-06	-6.998798e-06	-2.874389e-06	1.473764e-06	3.773914e-04	

VAR-COVAR MATRIX: ITER = 26000
3.651647e-04	4.298250e-07	9.335890e-07	-1.072029e-06	-6.492221e-06	1.914179e-06	
4.298250e-07	3.691448e-04	5.820508e-06	-4.142528e-06	-8.729994e-06	4.767207e-06	
9.335890e-07	5.820508e-06	3.784463e-04	2.545850e-06	-6.408011e-06	-5.043774e-07	
-1.072029e-06	-4.142528e-06	2.545850e-06	3.745252e-04	-7.986980e-07	2.578603e-06	
-6.492221e-06	-8.729994e-06	-6.408011e-06	-7.986980e-07	3.930567e-04	4.126159e-06	
1.914179e-06	4.767207e-06	-5.043774e-07	2.578603e-06	4.126159e-06	3.730391e-04	

VAR-COVAR MATRIX: ITER = 26500
3.660522e-04	-1.726152e-06	2.186395e-06	3.483228e-06	-7.006542e-06	3.025273e-06	
-1.726152e-06	3.709872e-04	-3.450367e-07	-2.410451e-06	-3.870069e-06	3.393824e-06	
2.186395e-06	-3.450367e-07	3.746069e-04	3.911540e-06	-3.795552e-07	4.409261e-06	
3.483228e-06	-2.410451e-06	3.911540e-06	3.732856e-04	-1.092678e-06	-5.630446e-06	
-7.006542e-06	-3.870069e-06	-3.795552e-07	-1.092678e-06	3.877698e-04	-1.843188e-06	
3.025273e-06	3.393824e-06	4.409261e-06	-5.630446e-06	-1.843188e-06	3.773170e-04	

VAR-COVAR MATRIX: ITER = 27000
3.714961e-04	3.722648e-07	-3.031676e-06	2.847097e-06	-2.214293e-06	8.511036e-07	
3.722648e-07	3.788995e-04	5.134337e-06	-1.885481e-06	-7.008012e-06	7.372824e-06	
-3.031676e-06	5.134337e-06	3.675019e-04	5.232559e-06	-2.429978e-06	-8.450560e-06	
2.847097e-06	-1.885481e-06	5.232559e-06	3.720942e-04	-2.100439e-06	-1.660491e-06	
-2.214293e-06	-7.008012e-06	-2.429978e-06	-2.100439e-06	3.870179e-04	-1.777391e-06	
8.511036e-07	7.372824e-06	-8.450560e-06	-1.660491e-06	-1.777391e-06	3.810239e-04	

VAR-COVAR MATRIX: ITER = 27500
3.752700e-04	-1.003482e-06	8.169645e-07	2.329632e-06	1.767150e-06	2.433027e-06	
-1.003482e-06	3.734768e-04	-1.818705e-06	2.789046e-07	-1.091380e-05	8.140443e-07	
8.169645e-07	-1.818705e-06	3.700315e-04	8.557779e-07	-1.268336e-06	2.770321e-06	
2.329632e-06	2.789046e-07	8.557779e-07	3.746564e-04	-2.842676e-07	3.344138e-06	
1.767150e-06	-1.091380e-05	-1.268336e-06	-2.842676e-07	3.878716e-04	-6.185201e-06	
2.433027e-06	8.140443e-07	2.770321e-06	3.344138e-06	-6.185201e-06	3.697335e-04	

VAR-COVAR MATRIX: ITER = 28000
3.760188e-04	2.209875e-07	-3.841464e-06	3.176890e-06	-1.603347e-06	1.772111e-06	
2.209875e-07	3.766237e-04	7.609115e-07	7.276671e-07	-8.197818e-06	3.108154e-06	
-3.841464e-06	7.609115e-07	3.691950e-04	1.750531e-06	-1.808628e-06	3.648343e-06	
3.176890e-06	7.276671e-07	1.750531e-06	3.680796e-04	1.808744e-06	1.035128e-06	
-1.603347e-06	-8.197818e-06	-1.808628e-06	1.808744e-06	3.923535e-04	-3.082468e-06	
1.772111e-06	3.108154e-06	3.648343e-06	1.035128e-06	-3.082468e-06	3.705551e-04	

VAR-COVAR MATRIX: ITER = 28500
3.740922e-04	2.128040e-06	2.701320e-06	3.422727e-06	-5.496679e-06	-2.723087e-06	
2.128040e-06	3.756533e-04	2.338086e-06	5.182000e-07	-8.152039e-06	1.733251e-06	
2.701320e-06	2.338086e-06	3.698268e-04	-1.677779e-07	-5.622456e-06	4.087730e-06	
3.422727e-06	5.182000e-07	-1.677779e-07	3.749440e-04	1.913157e-08	2.506981e-06	
-5.496679e-06	-8.152039e-06	-5.622456e-06	1.913157e-08	3.873678e-04	-2.062548e-06	
-2.723087e-06	1.733251e-06	4.087730e-06	2.506981e-06	-2.062548e-06	3.678590e-04	

VAR-COVAR MATRIX: ITER = 29000
3.768593e-04	1.312248e-06	2.359683e-06	2.123170e-06	-8.277941e-06	-1.801752e-06	
1.312248e-06	3.720540e-04	4.549204e-06	-1.648044e-06	-3.612460e-06	3.951112e-06	
2.359683e-06	4.549204e-06	3.759521e-04	3.426933e-07	-2.612922e-06	3.724723e-07	
2.123170e-06	-1.648044e-06	3.426933e-07	3.732142e-04	4.752424e-06	-1.258808e-06	
-8.277941e-06	-3.612460e-06	-2.612922e-06	4.752424e-06	3.888824e-04	1.675760e-06	
-1.801752e-06	3.951112e-06	3.724723e-07	-1.258808e-06	1.675760e-06	3.763651e-04	

VAR-COVAR MATRIX: ITER = 29500
3.758737e-04	7.298686e-07	2.100407e-08	4.649229e-06	-3.170943e-06	-2.388287e-06	
7.298686e-07	3.797996e-04	2.173574e-06	1.363888e-06	-6.502538e-06	5.747094e-06	
2.100407e-08	2.173574e-06	3.808314e-04	1.023273e-06	-2.357481e-06	-1.545665e-06	
4.649229e-06	1.363888e-06	1.023273e-06	3.754401e-04	-2.971416e-06	-5.154989e-07	
-3.170943e-06	-6.502538e-06	-2.357481e-06	-2.971416e-06	3.840381e-04	-3.076326e-06	
-2.388287e-06	5.747094e-06	-1.545665e-06	-5.154989e-07	-3.076326e-06	3.817719e-04	

VAR-COVAR MATRIX: ITER = 30000
3.684793e-04	9.276859e-07	-3.135576e-06	4.733941e-06	-5.658524e-07	-6.669675e-07	
9.276859e-07	3.732128e-04	3.361425e-06	-5.332450e-07	-6.886709e-06	4.696581e-06	
-3.135576e-06	3.361425e-06	3.708332e-04	-3.973277e-07	-6.449129e-06	7.838891e-07	
4.733941e-06	-5.332450e-07	-3.973277e-07	3.733154e-04	1.813298e-06	4.055762e-06	
-5.658524e-07	-6.886709e-06	-6.449129e-06	1.813298e-06	3.859330e-04	-4.612550e-06	
-6.669675e-07	4.696581e-06	7.838891e-07	4.055762e-06	-4.612550e-06	3.767970e-04	

VAR-COVAR MATRIX: ITER = 30500
3.743909e-04	-3.045460e-06	3.381119e-06	4.973831e-06	-3.374360e-06	6.080240e-07	
-3.045460e-06	3.751803e-04	1.149997e-06	-1.485013e-06	-2.122731e-06	3.464438e-06	
3.381119e-06	1.149997e-06	3.758135e-04	3.899647e-06	-4.810479e-06	4.427053e-06	
4.973831e-06	-1.485013e-06	3.899647e-06	3.732992e-04	-3.929993e-06	2.702497e-06	
-3.374360e-06	-2.122731e-06	-4.810479e-06	-3.929993e-06	3.825456e-04	-2.765351e-06	
6.080240e-07	3.464438e-06	4.427053e-06	2.702497e-06	-2.765351e-06	3.691866e-04	

VAR-COVAR MATRIX: ITER = 31000
3.644732e-04	-9.946243e-07	2.546912e-06	1.248725e-06	-1.472795e-06	4.691831e-06	
-9.946243e-07	3.761381e-04	-2.175732e-06	3.054692e-06	-6.742710e-06	1.232375e-06	
2.546912e-06	-2.175732e-06	3.784565e-04	1.888756e-06	-9.736778e-07	2.260482e-06	
1.248725e-06	3.054692e-06	1.888756e-06	3.697283e-04	-1.694259e-06	7.984975e-07	
-1.472795e-06	-6.742710e-06	-9.736778e-07	-1.694259e-06	3.836456e-04	1.765085e-06	
4.691831e-06	1.232375e-06	2.260482e-06	7.984975e-07	1.765085e-06	3.755299e-04	

VAR-COVAR MATRIX: ITER = 31500
3.714713e-04	-3.312040e-06	3.161395e-07	1.398483e-06	6.576045e-07	1.744138e-06	
-3.312040e-06	3.688263e-04	3.987916e-06	1.612198e-06	-5.220195e-06	1.744961e-07	
3.161395e-07	3.987916e-06	3.704923e-04	1.730655e-06	-1.686405e-06	2.579608e-06	
1.398483e-06	1.612198e-06	1.730655e-06	3.683239e-04	5.215245e-08	2.028563e-06	
6.576045e-07	-5.220195e-06	-1.686405e-06	5.215245e-08	3.818336e-04	-2.086755e-06	
1.744138e-06	1.744961e-07	2.579608e-06	2.028563e-06	-2.086755e-06	3.745174e-04	

VAR-COVAR MATRIX: ITER = 32000
3.758371e-04	3.526835e-07	-3.411021e-06	-2.625124e-06	-4.358690e-06	-4.570050e-06	
3.526835e-07	3.678142e-04	-8.652340e-07	-3.390526e-07	-2.947083e-06	-1.383076e-07	
-3.411021e-06	-8.652340e-07	3.724058e-04	3.987105e-06	2.508906e-06	1.214670e-06	
-2.625124e-06	-3.390526e-07	3.987105e-06	3.707445e-04	1.331749e-07	4.517653e-06	
-4.358690e-06	-2.947083e-06	2.508906e-06	1.331749e-07	3.776095e-04	-4.556576e-06	
-4.570050e-06	-1.383076e-07	1.214670e-06	4.517653e-06	-4.556576e-06	3.684132e-04	

VAR-COVAR MATRIX: ITER = 32500
3.732928e-04	3.491207e-06	-2.327374e-06	-2.258432e-06	-2.398503e-06	2.136115e-06	
3.491207e-06	3.744372e-04	-2.446489e-07	6.514520e-07	-3.321106e-06	4.849630e-06	
-2.327374e-06	-2.446489e-07	3.781413e-04	-2.036452e-06	-1.741141e-06	-1.066575e-06	
-2.258432e-06	6.514520e-07	-2.036452e-06	3.703986e-04	2.328859e-06	-1.347521e-06	
-2.398503e-06	-3.321106e-06	-1.741141e-06	2.328859e-06	3.839215e-04	1.852185e-06	
2.136115e-06	4.849630e-06	-1.066575e-06	-1.347521e-06	1.852185e-06	3.676021e-04	

VAR-COVAR MATRIX: ITER = 33000
3.721927e-04	1.099876e-06	-5.166883e-07	3.988463e-07	-3.057024e-06	9.975538e-08	
1.099876e-06	3.681636e-04	3.478375e-07	-4.909724e-06	-5.049636e-06	-1.066080e-07	
-5.166883e-07	3.478375e-07	3.647769e-04	2.133287e-06	1.086823e-06	-3.899320e-06	
3.988463e-07	-4.909724e-06	2.133287e-06	3.711397e-04	1.044415e-07	2.634311e-06	
-3.057024e-06	-5.049636e-06	1.086823e-06	1.044415e-07	3.855861e-04	-2.830015e-06	
9.975538e-08	-1.066080e-07	-3.899320e-06	2.634311e-06	-2.830015e-06	3.716512e-04	

VAR-COVAR MATRIX: ITER = 33500
3.757815e-04	1.715542e-06	3.045460e-06	3.509495e-06	-3.135979e-06	5.771568e-07	
1.715542e-06	3.714097e-04	8.477053e-06	7.162526e-07	-2.525572e-06	2.026739e-06	
3.045460e-06	8.477053e-06	3.688246e-04	3.768061e-06	-3.035545e-06	-3.806925e-06	
3.509495e-06	7.162526e-07	3.768061e-06	3.814641e-04	1.068075e-06	5.727799e-06	
-3.135979e-06	-2.525572e-06	-3.035545e-06	1.068075e-06	3.891719e-04	1.120014e-06	
5.771568e-07	2.026739e-06	-3.806925e-06	5.727799e-06	1.120014e-06	3.678592e-04	

VAR-COVAR MATRIX: ITER = 34000
3.726453e-04	2.896454e-06	-5.538403e-07	3.408689e-06	8.484535e-07	-2.524681e-07	
2.896454e-06	3.735759e-04	-1.456794e-06	-3.548468e-06	-5.938298e-06	-2.252883e-06	
-5.538403e-07	-1.456794e-06	3.666907e-04	3.515939e-06	6.441924e-07	3.063039e-07	
3.408689e-06	-3.548468e-06	3.515939e-06	3.694705e-04	1.968714e-08	1.840462e-06	
8.484535e-07	-5.938298e-06	6.441924e-07	1.968714e-08	3.831937e-04	-9.703090e-07	
-2.524681e-07	-2.252883e-06	3.063039e-07	1.840462e-06	-9.703090e-07	3.812726e-04	

VAR-COVAR MATRIX: ITER = 34500
3.689224e-04	3.544791e-06	3.058852e-06	-6.559817e-07	-4.546151e-06	-1.439390e-06	
3.544791e-06	3.713456e-04	-3.631400e-06	-2.312101e-08	-9.752917e-06	9.536043e-07	
3.058852e-06	-3.631400e-06	3.715026e-04	-8.504681e-07	8.977386e-07	1.141363e-06	
-6.559817e-07	-2.312101e-08	-8.504681e-07	3.693304e-04	3.244896e-06	9.056159e-06	
-4.546151e-06	-9.752917e-06	8.977386e-07	3.244896e-06	3.791550e-04	-4.307199e-06	
-1.439390e-06	9.536043e-07	1.141363e-06	9.056159e-06	-4.307199e-06	3.789428e-04	

VAR-COVAR MATRIX: ITER = 35000
3.723327e-04	-2.243174e-06	4.260140e-06	4.107410e-07	1.649291e-07	4.996599e-06	
-2.243174e-06	3.701408e-04	-3.077947e-06	-3.698272e-06	-1.501069e-06	-1.482071e-06	
4.260140e-06	-3.077947e-06	3.674792e-04	-5.708853e-06	1.275259e-06	8.604495e-07	
4.107410e-07	-3.698272e-06	-5.708853e-06	3.719806e-04	-1.008352e-06	4.816059e-06	
1.649291e-07	-1.501069e-06	1.275259e-06	-1.008352e-06	3.850285e-04	-5.960012e-07	
4.996599e-06	-1.482071e-06	8.604495e-07	4.816059e-06	-5.960012e-07	3.831508e-04	

VAR-COVAR MATRIX: ITER = 35500
3.699499e-04	-2.518182e-07	3.405168e-06	6.238174e-08	-2.000869e-06	3.989523e-06	
-2.518182e-07	3.746190e-04	-2.139147e-06	-8.057145e-07	-7.510737e-07	-8.355068e-08	
3.405168e-06	-2.139147e-06	3.756948e-04	4.723337e-08	2.108521e-06	-1.167518e-06	
6.238174e-08	-8.057145e-07	4.723337e-08	3.704053e-04	1.674060e-06	7.561466e-07	
-2.000869e-06	-7.510737e-07	2.108521e-06	1.674060e-06	3.954365e-04	-1.457142e-06	
3.989523e-06	-8.355068e-08	-1.167518e-06	7.561466e-07	-1.457142e-06	3.762257e-04	

VAR-COVAR MATRIX: ITER = 36000
3.686663e-04	1.845139e-06	-1.270076e-06	5.247265e-06	-2.454914e-06	2.988024e-06	
1.845139e-06	3.757818e-04	4.702817e-06	4.971499e-07	-3.108319e-06	1.937655e-06	
-1.270076e-06	4.702817e-06	3.779951e-04	-2.117063e-06	9.688089e-07	1.252902e-06	
5.247265e-06	4.971499e-07	-2.117063e-06	3.641007e-04	-2.587057e-06	-4.338715e-07	
-2.454914e-06	-3.108319e-06	9.688089e-07	-2.587057e-06	3.858441e-04	2.972460e-06	
2.988024e-06	1.937655e-06	1.252902e-06	-4.338715e-07	2.972460e-06	3.781553e-04	

VAR-COVAR MATRIX: ITER = 36500
3.764089e-04	8.799151e-07	2.943125e-06	3.439746e-06	-6.324298e-06	1.366370e-06	
8.799151e-07	3.745822e-04	3.331514e-06	4.890016e-06	-2.943608e-06	1.228175e-06	
2.943125e-06	3.331514e-06	3.722110e-04	-1.882766e-06	-8.674908e-07	2.412743e-06	
3.439746e-06	4.890016e-06	-1.882766e-06	3.690537e-04	-1.141313e-06	1.177787e-06	
-6.324298e-06	-2.943608e-06	-8.674908e-07	-1.141313e-06	3.877186e-04	-4.505620e-06	
1.366370e-06	1.228175e-06	2.412743e-06	1.177787e-06	-4.505620e-06	3.755122e-04	

VAR-COVAR MATRIX: ITER = 37000
3.762326e-04	5.091020e-06	2.499992e-06	4.365091e-06	-7.751888e-06	5.471523e-06	
5.091020e-06	3.761730e-04	-1.642272e-07	-7.978591e-07	-1.089293e-06	3.351708e-06	
2.499992e-06	-1.642272e-07	3.671211e-04	-2.886636e-06	7.607953e-07	-1.358828e-06	
4.365091e-06	-7.978591e-07	-2.886636e-06	3.688914e-04	6.398768e-07	2.332890e-06	
-7.751888e-06	-1.089293e-06	7.607953e-07	6.398768e-07	3.878666e-04	-2.475130e-06	
5.471523e-06	3.351708e-06	-1.358828e-06	2.332890e-06	-2.475130e-06	3.819247e-04	

VAR-COVAR MATRIX: ITER = 37500
3.732251e-04	2.848097e-06	-7.009656e-07	-1.004442e-07	-5.113939e-06	-1.851887e-06	
2.848097e-06	3.704864e-04	1.716309e-06	2.012600e-07	1.434693e-06	2.153192e-06	
-7.009656e-07	1.716309e-06	3.712512e-04	-1.533709e-06	2.385691e-06	2.746591e-06	
-1.004442e-07	2.012600e-07	-1.533709e-06	3.719078e-04	-5.886011e-06	6.257884e-07	
-5.113939e-06	1.434693e-06	2.385691e-06	-5.886011e-06	3.929109e-04	-5.767239e-06	
-1.851887e-06	2.153192e-06	2.746591e-06	6.257884e-07	-5.767239e-06	3.720675e-04	

VAR-COVAR MATRIX: ITER = 38000
3.724916e-04	2.819645e-06	4.112533e-07	4.063541e-06	-6.160356e-06	-2.367693e-06	
2.819645e-06	3.749769e-04	1.692633e-07	9.025215e-06	1.233676e-07	5.622930e-08	
4.112533e-07	1.692633e-07	3.691992e-04	-3.347087e-06	-1.380215e-06	4.541373e-06	
4.063541e-06	9.025215e-06	-3.347087e-06	3.720970e-04	3.256853e-06	1.941683e-06	
-6.160356e-06	1.233676e-07	-1.380215e-06	3.256853e-06	3.871012e-04	-2.390090e-06	
-2.367693e-06	5.622930e-08	4.541373e-06	1.941683e-06	-2.390090e-06	3.672774e-04	

VAR-COVAR MATRIX: ITER = 38500
3.767450e-04	2.929030e-06	5.851753e-06	3.665329e-06	-3.126100e-06	4.164982e-06	
2.929030e-06	3.761531e-04	-1.499641e-06	8.745186e-07	1.655484e-08	2.050806e-06	
