2.055769e-03	1.418683e-03	5.858926e-04	7.381901e-04	-4.913598e-03	1.028505e-03	
1.418683e-03	2.448711e-03	6.524818e-04	8.434644e-04	-5.560489e-03	1.148684e-03	
5.858926e-04	6.524818e-04	1.092101e-03	3.616876e-04	-2.282039e-03	4.850843e-04	
7.381901e-04	8.434644e-04	3.616876e-04	1.257972e-03	-2.957347e-03	6.229817e-04	
-4.913598e-03	-5.560489e-03	-2.282039e-03	-2.957347e-03	2.012050e-02	-4.031634e-03	
1.028505e-03	1.148684e-03	4.850843e-04	6.229817e-04	-4.031634e-03	1.691620e-03	
