1.910852e-03	1.305730e-03	5.321220e-04	6.739697e-04	-4.717644e-03	8.648840e-04	
1.305730e-03	2.409184e-03	6.024759e-04	7.865360e-04	-5.623167e-03	1.048168e-03	
5.321220e-04	6.024759e-04	1.079943e-03	3.263930e-04	-2.238572e-03	4.235893e-04	
6.739697e-04	7.865360e-04	3.263930e-04	1.239289e-03	-2.867163e-03	5.281352e-04	
-4.717644e-03	-5.623167e-03	-2.238572e-03	-2.867163e-03	2.088194e-02	-3.715986e-03	
8.648840e-04	1.048168e-03	4.235893e-04	5.281352e-04	-3.715986e-03	1.557494e-03	
