===== BAYENV2.0 =====

input file is set
number of populations is set
number of iterations is set
seed is set
TEST = 0 . So running matrix estimation
MCMC VER 0.71 (THREADED)
ITERATIONS = 100000
INPUT FILE = Y2017_filtered_snpsfile_8621.txt
SEED = -99234

num_alleles = 17242.000000
number of loci = 8621
VAR-COVAR MATRIX: ITER = 500
2.021796e-03	1.232451e-03	3.496882e-04	5.914402e-04	-4.780750e-03	7.380782e-04	
1.232451e-03	2.579713e-03	3.787377e-04	6.340524e-04	-5.464276e-03	7.396037e-04	
3.496882e-04	3.787377e-04	1.101941e-03	2.388338e-04	-1.802819e-03	2.887372e-04	
5.914402e-04	6.340524e-04	2.388338e-04	1.309219e-03	-2.707472e-03	4.001943e-04	
-4.780750e-03	-5.464276e-03	-1.802819e-03	-2.707472e-03	2.162248e-02	-3.279877e-03	
7.380782e-04	7.396037e-04	2.887372e-04	4.001943e-04	-3.279877e-03	1.646566e-03	

VAR-COVAR MATRIX: ITER = 1000
2.100934e-03	1.433057e-03	4.986490e-04	7.748073e-04	-5.067704e-03	9.319369e-04	
1.433057e-03	2.478650e-03	5.466491e-04	8.155102e-04	-5.685009e-03	1.036206e-03	
4.986490e-04	5.466491e-04	1.030500e-03	2.960394e-04	-2.020311e-03	3.815729e-04	
7.748073e-04	8.155102e-04	2.960394e-04	1.274544e-03	-3.029291e-03	5.460402e-04	
-5.067704e-03	-5.685009e-03	-2.020311e-03	-3.029291e-03	2.107412e-02	-3.723108e-03	
9.319369e-04	1.036206e-03	3.815729e-04	5.460402e-04	-3.723108e-03	1.579067e-03	

VAR-COVAR MATRIX: ITER = 1500
2.118256e-03	1.413747e-03	5.902670e-04	8.221392e-04	-5.044900e-03	1.000109e-03	
1.413747e-03	2.394194e-03	6.275301e-04	8.766664e-04	-5.570808e-03	1.076748e-03	
5.902670e-04	6.275301e-04	1.063486e-03	3.809547e-04	-2.269791e-03	4.522558e-04	
8.221392e-04	8.766664e-04	3.809547e-04	1.317845e-03	-3.186345e-03	6.216418e-04	
-5.044900e-03	-5.570808e-03	-2.269791e-03	-3.186345e-03	2.059766e-02	-3.891525e-03	
1.000109e-03	1.076748e-03	4.522558e-04	6.216418e-04	-3.891525e-03	1.641164e-03	

VAR-COVAR MATRIX: ITER = 2000
2.203344e-03	1.499744e-03	6.262177e-04	8.636433e-04	-5.226355e-03	1.044678e-03	
1.499744e-03	2.461326e-03	6.773817e-04	9.067146e-04	-5.637438e-03	1.118269e-03	
6.262177e-04	6.773817e-04	1.107944e-03	3.949612e-04	-2.387157e-03	4.945514e-04	
8.636433e-04	9.067146e-04	3.949612e-04	1.374620e-03	-3.252061e-03	6.489481e-04	
-5.226355e-03	-5.637438e-03	-2.387157e-03	-3.252061e-03	2.050276e-02	-3.925316e-03	
1.044678e-03	1.118269e-03	4.945514e-04	6.489481e-04	-3.925316e-03	1.655328e-03	

VAR-COVAR MATRIX: ITER = 2500
2.179229e-03	1.424908e-03	5.669104e-04	8.185588e-04	-5.091970e-03	1.037993e-03	
1.424908e-03	2.382645e-03	6.045918e-04	8.346178e-04	-5.421198e-03	1.087049e-03	
5.669104e-04	6.045918e-04	1.028476e-03	3.557235e-04	-2.149023e-03	4.411497e-04	
8.185588e-04	8.346178e-04	3.557235e-04	1.293423e-03	-3.025610e-03	6.237160e-04	
-5.091970e-03	-5.421198e-03	-2.149023e-03	-3.025610e-03	2.007227e-02	-3.874316e-03	
1.037993e-03	1.087049e-03	4.411497e-04	6.237160e-04	-3.874316e-03	1.640283e-03	

VAR-COVAR MATRIX: ITER = 3000
1.958677e-03	1.345457e-03	5.071363e-04	7.170549e-04	-4.720488e-03	9.573681e-04	
1.345457e-03	2.437074e-03	6.006831e-04	8.237123e-04	-5.503424e-03	1.072576e-03	
5.071363e-04	6.006831e-04	1.052814e-03	3.294896e-04	-2.123061e-03	4.251746e-04	
7.170549e-04	8.237123e-04	3.294896e-04	1.255630e-03	-2.905398e-03	5.670372e-04	
-4.720488e-03	-5.503424e-03	-2.123061e-03	-2.905398e-03	1.993962e-02	-3.829673e-03	
9.573681e-04	1.072576e-03	4.251746e-04	5.670372e-04	-3.829673e-03	1.606008e-03	

VAR-COVAR MATRIX: ITER = 3500
2.037601e-03	1.405323e-03	5.917853e-04	7.469338e-04	-4.846529e-03	9.556680e-04	
1.405323e-03	2.494516e-03	6.685570e-04	8.707894e-04	-5.611891e-03	1.096496e-03	
5.917853e-04	6.685570e-04	1.116054e-03	3.720468e-04	-2.346850e-03	4.784943e-04	
7.469338e-04	8.707894e-04	3.720468e-04	1.267035e-03	-3.023099e-03	6.127589e-04	
-4.846529e-03	-5.611891e-03	-2.346850e-03	-3.023099e-03	2.013327e-02	-3.842604e-03	
9.556680e-04	1.096496e-03	4.784943e-04	6.127589e-04	-3.842604e-03	1.625950e-03	

VAR-COVAR MATRIX: ITER = 4000
2.031442e-03	1.419335e-03	5.924321e-04	8.107992e-04	-4.946263e-03	1.027435e-03	
1.419335e-03	2.475763e-03	6.488932e-04	9.119415e-04	-5.643524e-03	1.142148e-03	
5.924321e-04	6.488932e-04	1.076183e-03	4.023687e-04	-2.353053e-03	5.143755e-04	
8.107992e-04	9.119415e-04	4.023687e-04	1.373888e-03	-3.266154e-03	6.851454e-04	
-4.946263e-03	-5.643524e-03	-2.353053e-03	-3.266154e-03	2.058964e-02	-4.108784e-03	
1.027435e-03	1.142148e-03	5.143755e-04	6.851454e-04	-4.108784e-03	1.709943e-03	

VAR-COVAR MATRIX: ITER = 4500
1.949688e-03	1.361794e-03	5.290251e-04	7.691966e-04	-4.792516e-03	9.632581e-04	
1.361794e-03	2.491890e-03	6.060833e-04	8.799079e-04	-5.670199e-03	1.114239e-03	
5.290251e-04	6.060833e-04	1.023414e-03	3.560050e-04	-2.126722e-03	4.563802e-04	
7.691966e-04	8.799079e-04	3.560050e-04	1.322149e-03	-3.147100e-03	6.276278e-04	
-4.792516e-03	-5.670199e-03	-2.126722e-03	-3.147100e-03	2.056962e-02	-3.958365e-03	
9.632581e-04	1.114239e-03	4.563802e-04	6.276278e-04	-3.958365e-03	1.646860e-03	

VAR-COVAR MATRIX: ITER = 5000
2.052633e-03	1.451405e-03	5.609145e-04	7.696427e-04	-4.917466e-03	9.929303e-04	
1.451405e-03	2.563184e-03	6.632124e-04	8.600157e-04	-5.720853e-03	1.140743e-03	
5.609145e-04	6.632124e-04	1.095316e-03	3.481370e-04	-2.247164e-03	4.883382e-04	
7.696427e-04	8.600157e-04	3.481370e-04	1.275115e-03	-2.979703e-03	5.954190e-04	
-4.917466e-03	-5.720853e-03	-2.247164e-03	-2.979703e-03	2.016187e-02	-3.903798e-03	
9.929303e-04	1.140743e-03	4.883382e-04	5.954190e-04	-3.903798e-03	1.653469e-03	

VAR-COVAR MATRIX: ITER = 5500
2.086545e-03	1.464731e-03	5.935185e-04	7.988885e-04	-5.046303e-03	9.953057e-04	
1.464731e-03	2.551589e-03	6.831993e-04	9.187875e-04	-5.817085e-03	1.119617e-03	
5.935185e-04	6.831993e-04	1.092907e-03	3.648016e-04	-2.324560e-03	4.761458e-04	
7.988885e-04	9.187875e-04	3.648016e-04	1.307034e-03	-3.146900e-03	6.250339e-04	
-5.046303e-03	-5.817085e-03	-2.324560e-03	-3.146900e-03	2.068823e-02	-3.906645e-03	
9.953057e-04	1.119617e-03	4.761458e-04	6.250339e-04	-3.906645e-03	1.623226e-03	

VAR-COVAR MATRIX: ITER = 6000
2.065664e-03	1.477238e-03	5.971812e-04	8.104405e-04	-4.972622e-03	1.010035e-03	
1.477238e-03	2.597320e-03	6.880923e-04	9.461828e-04	-5.866024e-03	1.155213e-03	
5.971812e-04	6.880923e-04	1.096140e-03	3.863534e-04	-2.349658e-03	4.716361e-04	
8.104405e-04	9.461828e-04	3.863534e-04	1.335958e-03	-3.181241e-03	6.342900e-04	
-4.972622e-03	-5.866024e-03	-2.349658e-03	-3.181241e-03	2.048385e-02	-3.932180e-03	
1.010035e-03	1.155213e-03	4.716361e-04	6.342900e-04	-3.932180e-03	1.646544e-03	

VAR-COVAR MATRIX: ITER = 6500
1.994713e-03	1.348892e-03	5.016941e-04	7.380663e-04	-4.754432e-03	9.047645e-04	
1.348892e-03	2.427027e-03	5.800208e-04	8.468065e-04	-5.543818e-03	1.051900e-03	
5.016941e-04	5.800208e-04	1.050722e-03	3.116066e-04	-2.036888e-03	3.935375e-04	
7.380663e-04	8.468065e-04	3.116066e-04	1.262137e-03	-3.003404e-03	5.742459e-04	
-4.754432e-03	-5.543818e-03	-2.036888e-03	-3.003404e-03	2.021757e-02	-3.736943e-03	
9.047645e-04	1.051900e-03	3.935375e-04	5.742459e-04	-3.736943e-03	1.571198e-03	

VAR-COVAR MATRIX: ITER = 7000
2.062385e-03	1.373447e-03	5.062966e-04	7.651612e-04	-4.979726e-03	9.767131e-04	
1.373447e-03	2.371785e-03	5.735951e-04	8.200764e-04	-5.524182e-03	1.062129e-03	
5.062966e-04	5.735951e-04	1.038310e-03	3.302194e-04	-2.036607e-03	4.046602e-04	
7.651612e-04	8.200764e-04	3.302194e-04	1.309972e-03	-3.055565e-03	5.807353e-04	
-4.979726e-03	-5.524182e-03	-2.036607e-03	-3.055565e-03	2.066763e-02	-3.887444e-03	
9.767131e-04	1.062129e-03	4.046602e-04	5.807353e-04	-3.887444e-03	1.618883e-03	

VAR-COVAR MATRIX: ITER = 7500
2.027438e-03	1.367255e-03	4.738324e-04	7.480987e-04	-4.838652e-03	9.542466e-04	
1.367255e-03	2.457435e-03	5.691617e-04	8.602023e-04	-5.590023e-03	1.116218e-03	
4.738324e-04	5.691617e-04	1.004646e-03	2.991383e-04	-1.928099e-03	3.873288e-04	
7.480987e-04	8.602023e-04	2.991383e-04	1.283572e-03	-2.990847e-03	5.796223e-04	
-4.838652e-03	-5.590023e-03	-1.928099e-03	-2.990847e-03	2.021526e-02	-3.861005e-03	
9.542466e-04	1.116218e-03	3.873288e-04	5.796223e-04	-3.861005e-03	1.610514e-03	

VAR-COVAR MATRIX: ITER = 8000
2.124196e-03	1.452931e-03	5.554114e-04	7.608540e-04	-5.029186e-03	1.061421e-03	
1.452931e-03	2.498575e-03	6.412808e-04	8.326622e-04	-5.695913e-03	1.192700e-03	
5.554114e-04	6.412808e-04	1.065097e-03	3.323449e-04	-2.180518e-03	4.672157e-04	
7.608540e-04	8.326622e-04	3.323449e-04	1.267406e-03	-2.918591e-03	6.371136e-04	
-5.029186e-03	-5.695913e-03	-2.180518e-03	-2.918591e-03	2.046493e-02	-4.149029e-03	
1.061421e-03	1.192700e-03	4.672157e-04	6.371136e-04	-4.149029e-03	1.758773e-03	

VAR-COVAR MATRIX: ITER = 8500
2.058364e-03	1.431751e-03	6.109226e-04	7.602644e-04	-4.898107e-03	1.003578e-03	
1.431751e-03	2.494173e-03	6.882405e-04	8.613492e-04	-5.632659e-03	1.145544e-03	
6.109226e-04	6.882405e-04	1.111386e-03	3.948489e-04	-2.399012e-03	5.079473e-04	
7.602644e-04	8.613492e-04	3.948489e-04	1.276243e-03	-3.002777e-03	6.167527e-04	
-4.898107e-03	-5.632659e-03	-2.399012e-03	-3.002777e-03	1.999308e-02	-3.958929e-03	
1.003578e-03	1.145544e-03	5.079473e-04	6.167527e-04	-3.958929e-03	1.684402e-03	

VAR-COVAR MATRIX: ITER = 9000
2.012690e-03	1.374665e-03	5.783154e-04	6.922975e-04	-4.878822e-03	9.528185e-04	
1.374665e-03	2.448838e-03	6.503918e-04	8.000078e-04	-5.614753e-03	1.086497e-03	
5.783154e-04	6.503918e-04	1.091906e-03	3.500688e-04	-2.330642e-03	4.522971e-04	
6.922975e-04	8.000078e-04	3.500688e-04	1.248223e-03	-2.874076e-03	5.409863e-04	
-4.878822e-03	-5.614753e-03	-2.330642e-03	-2.874076e-03	2.063275e-02	-3.848579e-03	
9.528185e-04	1.086497e-03	4.522971e-04	5.409863e-04	-3.848579e-03	1.594730e-03	

VAR-COVAR MATRIX: ITER = 9500
2.122540e-03	1.495853e-03	6.436561e-04	8.178911e-04	-5.074103e-03	1.002274e-03	
1.495853e-03	2.549975e-03	7.093827e-04	9.269496e-04	-5.807387e-03	1.156687e-03	
6.436561e-04	7.093827e-04	1.154642e-03	4.050960e-04	-2.508739e-03	5.097586e-04	
8.178911e-04	9.269496e-04	4.050960e-04	1.336254e-03	-3.169559e-03	6.379358e-04	
-5.074103e-03	-5.807387e-03	-2.508739e-03	-3.169559e-03	2.052577e-02	-3.945953e-03	
1.002274e-03	1.156687e-03	5.097586e-04	6.379358e-04	-3.945953e-03	1.661700e-03	

VAR-COVAR MATRIX: ITER = 10000
2.066407e-03	1.378930e-03	5.176608e-04	7.195738e-04	-4.961902e-03	9.302927e-04	
1.378930e-03	2.343631e-03	5.718545e-04	7.837850e-04	-5.482711e-03	1.025472e-03	
5.176608e-04	5.718545e-04	1.044893e-03	3.075551e-04	-2.076918e-03	4.050137e-04	
7.195738e-04	7.837850e-04	3.075551e-04	1.228461e-03	-2.862609e-03	5.436898e-04	
-4.961902e-03	-5.482711e-03	-2.076918e-03	-2.862609e-03	2.075466e-02	-3.729643e-03	
9.302927e-04	1.025472e-03	4.050137e-04	5.436898e-04	-3.729643e-03	1.539384e-03	

VAR-COVAR MATRIX: ITER = 10500
2.143778e-03	1.473764e-03	5.990917e-04	7.387888e-04	-5.070354e-03	1.019460e-03	
1.473764e-03	2.561276e-03	6.568670e-04	8.140207e-04	-5.713560e-03	1.124241e-03	
5.990917e-04	6.568670e-04	1.082755e-03	3.404366e-04	-2.277645e-03	4.542608e-04	
7.387888e-04	8.140207e-04	3.404366e-04	1.228595e-03	-2.841398e-03	5.590012e-04	
-5.070354e-03	-5.713560e-03	-2.277645e-03	-2.841398e-03	2.032013e-02	-3.834797e-03	
1.019460e-03	1.124241e-03	4.542608e-04	5.590012e-04	-3.834797e-03	1.612255e-03	

VAR-COVAR MATRIX: ITER = 11000
2.191736e-03	1.520613e-03	5.646274e-04	7.705618e-04	-5.158477e-03	1.057521e-03	
1.520613e-03	2.555781e-03	6.545837e-04	8.298944e-04	-5.699002e-03	1.159343e-03	
5.646274e-04	6.545837e-04	1.089738e-03	3.390138e-04	-2.168738e-03	4.578565e-04	
7.705618e-04	8.298944e-04	3.390138e-04	1.255714e-03	-2.873899e-03	5.864158e-04	
-5.158477e-03	-5.699002e-03	-2.168738e-03	-2.873899e-03	2.005778e-02	-3.924832e-03	
1.057521e-03	1.159343e-03	4.578565e-04	5.864158e-04	-3.924832e-03	1.663037e-03	

VAR-COVAR MATRIX: ITER = 11500
2.229641e-03	1.518130e-03	5.777876e-04	7.910038e-04	-5.247974e-03	1.085518e-03	
1.518130e-03	2.472846e-03	6.065477e-04	8.377359e-04	-5.665479e-03	1.161504e-03	
5.777876e-04	6.065477e-04	1.050507e-03	3.273415e-04	-2.147561e-03	4.534040e-04	
7.910038e-04	8.377359e-04	3.273415e-04	1.246665e-03	-2.949928e-03	6.137327e-04	
-5.247974e-03	-5.665479e-03	-2.147561e-03	-2.949928e-03	2.044714e-02	-4.055288e-03	
1.085518e-03	1.161504e-03	4.534040e-04	6.137327e-04	-4.055288e-03	1.684078e-03	

VAR-COVAR MATRIX: ITER = 12000
2.249163e-03	1.520003e-03	5.728395e-04	8.304769e-04	-5.182555e-03	1.112640e-03	
1.520003e-03	2.498878e-03	6.338493e-04	8.724852e-04	-5.598247e-03	1.210656e-03	
5.728395e-04	6.338493e-04	1.049825e-03	3.234403e-04	-2.116049e-03	4.538076e-04	
8.304769e-04	8.724852e-04	3.234403e-04	1.300886e-03	-2.989630e-03	6.492956e-04	
-5.182555e-03	-5.598247e-03	-2.116049e-03	-2.989630e-03	1.976939e-02	-4.109908e-03	
1.112640e-03	1.210656e-03	4.538076e-04	6.492956e-04	-4.109908e-03	1.754548e-03	

VAR-COVAR MATRIX: ITER = 12500
2.172063e-03	1.510931e-03	5.693241e-04	8.051798e-04	-5.139987e-03	1.113342e-03	
1.510931e-03	2.563311e-03	6.396930e-04	8.802237e-04	-5.805071e-03	1.226272e-03	
5.693241e-04	6.396930e-04	1.106023e-03	3.454188e-04	-2.193273e-03	4.792765e-04	
8.051798e-04	8.802237e-04	3.454188e-04	1.268740e-03	-3.009089e-03	6.525902e-04	
-5.139987e-03	-5.805071e-03	-2.193273e-03	-3.009089e-03	2.055646e-02	-4.252482e-03	
1.113342e-03	1.226272e-03	4.792765e-04	6.525902e-04	-4.252482e-03	1.779056e-03	

VAR-COVAR MATRIX: ITER = 13000
2.155038e-03	1.498629e-03	5.957806e-04	7.818838e-04	-5.036868e-03	1.128151e-03	
1.498629e-03	2.571442e-03	6.849200e-04	9.119687e-04	-5.754150e-03	1.280636e-03	
5.957806e-04	6.849200e-04	1.080433e-03	3.628063e-04	-2.283811e-03	5.017909e-04	
7.818838e-04	9.119687e-04	3.628063e-04	1.298768e-03	-3.025393e-03	6.660094e-04	
-5.036868e-03	-5.754150e-03	-2.283811e-03	-3.025393e-03	1.997024e-02	-4.217664e-03	
1.128151e-03	1.280636e-03	5.017909e-04	6.660094e-04	-4.217664e-03	1.784172e-03	

VAR-COVAR MATRIX: ITER = 13500
2.160773e-03	1.543301e-03	5.652077e-04	8.209462e-04	-5.065431e-03	1.134787e-03	
1.543301e-03	2.630413e-03	6.290363e-04	9.350394e-04	-5.760379e-03	1.278069e-03	
5.652077e-04	6.290363e-04	1.081235e-03	3.642670e-04	-2.172671e-03	4.917822e-04	
8.209462e-04	9.350394e-04	3.642670e-04	1.291985e-03	-3.056589e-03	6.743082e-04	
-5.065431e-03	-5.760379e-03	-2.172671e-03	-3.056589e-03	1.973923e-02	-4.174341e-03	
1.134787e-03	1.278069e-03	4.917822e-04	6.743082e-04	-4.174341e-03	1.769722e-03	

VAR-COVAR MATRIX: ITER = 14000
2.249056e-03	1.578648e-03	5.972668e-04	8.206760e-04	-5.287442e-03	1.171182e-03	
1.578648e-03	2.602963e-03	6.556240e-04	8.843007e-04	-5.794303e-03	1.246137e-03	
5.972668e-04	6.556240e-04	1.071940e-03	3.590389e-04	-2.193884e-03	4.702586e-04	
8.206760e-04	8.843007e-04	3.590389e-04	1.259035e-03	-2.964253e-03	6.456684e-04	
-5.287442e-03	-5.794303e-03	-2.193884e-03	-2.964253e-03	2.008353e-02	-4.198051e-03	
1.171182e-03	1.246137e-03	4.702586e-04	6.456684e-04	-4.198051e-03	1.766863e-03	

VAR-COVAR MATRIX: ITER = 14500
2.171873e-03	1.525115e-03	6.098302e-04	8.197683e-04	-5.109408e-03	1.109962e-03	
1.525115e-03	2.598115e-03	6.854645e-04	9.318647e-04	-5.843363e-03	1.252209e-03	
6.098302e-04	6.854645e-04	1.105020e-03	3.768332e-04	-2.301637e-03	5.092180e-04	
8.197683e-04	9.318647e-04	3.768332e-04	1.320568e-03	-3.113028e-03	6.873445e-04	
-5.109408e-03	-5.843363e-03	-2.301637e-03	-3.113028e-03	2.023822e-02	-4.210796e-03	
1.109962e-03	1.252209e-03	5.092180e-04	6.873445e-04	-4.210796e-03	1.768162e-03	

VAR-COVAR MATRIX: ITER = 15000
1.975360e-03	1.345439e-03	5.294499e-04	7.173980e-04	-4.754118e-03	9.782772e-04	
1.345439e-03	2.430869e-03	5.849048e-04	8.198466e-04	-5.602107e-03	1.112359e-03	
5.294499e-04	5.849048e-04	1.060761e-03	3.312906e-04	-2.115910e-03	4.366456e-04	
7.173980e-04	8.198466e-04	3.312906e-04	1.272959e-03	-2.969844e-03	6.248552e-04	
-4.754118e-03	-5.602107e-03	-2.115910e-03	-2.969844e-03	2.043779e-02	-3.965856e-03	
9.782772e-04	1.112359e-03	4.366456e-04	6.248552e-04	-3.965856e-03	1.662887e-03	

VAR-COVAR MATRIX: ITER = 15500
1.982944e-03	1.347627e-03	4.931739e-04	7.063727e-04	-4.798638e-03	9.386287e-04	
1.347627e-03	2.419837e-03	5.560739e-04	8.134695e-04	-5.613757e-03	1.097655e-03	
4.931739e-04	5.560739e-04	1.016911e-03	3.110931e-04	-2.016133e-03	4.036509e-04	
7.063727e-04	8.134695e-04	3.110931e-04	1.270256e-03	-2.919892e-03	5.611765e-04	
-4.798638e-03	-5.613757e-03	-2.016133e-03	-2.919892e-03	2.070279e-02	-3.891121e-03	
9.386287e-04	1.097655e-03	4.036509e-04	5.611765e-04	-3.891121e-03	1.627724e-03	

VAR-COVAR MATRIX: ITER = 16000
2.004168e-03	1.382860e-03	4.872301e-04	7.458396e-04	-4.833687e-03	9.658207e-04	
1.382860e-03	2.477247e-03	5.594614e-04	8.505901e-04	-5.668161e-03	1.118732e-03	
4.872301e-04	5.594614e-04	1.017094e-03	3.298861e-04	-2.030301e-03	4.095568e-04	
7.458396e-04	8.505901e-04	3.298861e-04	1.289817e-03	-3.024068e-03	6.002077e-04	
-4.833687e-03	-5.668161e-03	-2.030301e-03	-3.024068e-03	2.060416e-02	-3.962629e-03	
9.658207e-04	1.118732e-03	4.095568e-04	6.002077e-04	-3.962629e-03	1.667213e-03	

VAR-COVAR MATRIX: ITER = 16500
2.116971e-03	1.435134e-03	5.353973e-04	7.991025e-04	-4.955887e-03	1.026452e-03	
1.435134e-03	2.442636e-03	6.085325e-04	8.770033e-04	-5.573917e-03	1.157259e-03	
5.353973e-04	6.085325e-04	1.045219e-03	3.535468e-04	-2.103165e-03	4.377223e-04	
7.991025e-04	8.770033e-04	3.535468e-04	1.308181e-03	-3.120273e-03	6.539860e-04	
-4.955887e-03	-5.573917e-03	-2.103165e-03	-3.120273e-03	2.005671e-02	-3.985011e-03	
1.026452e-03	1.157259e-03	4.377223e-04	6.539860e-04	-3.985011e-03	1.688193e-03	

VAR-COVAR MATRIX: ITER = 17000
2.114531e-03	1.435063e-03	5.547058e-04	8.380464e-04	-5.073113e-03	1.049980e-03	
1.435063e-03	2.458938e-03	6.276260e-04	9.127035e-04	-5.666167e-03	1.160567e-03	
5.547058e-04	6.276260e-04	1.054412e-03	3.593259e-04	-2.174490e-03	4.587014e-04	
8.380464e-04	9.127035e-04	3.593259e-04	1.346984e-03	-3.223452e-03	6.635883e-04	
-5.073113e-03	-5.666167e-03	-2.174490e-03	-3.223452e-03	2.064515e-02	-4.050451e-03	
1.049980e-03	1.160567e-03	4.587014e-04	6.635883e-04	-4.050451e-03	1.679971e-03	

VAR-COVAR MATRIX: ITER = 17500
2.098056e-03	1.458293e-03	5.689615e-04	8.089792e-04	-5.127097e-03	1.024007e-03	
1.458293e-03	2.473431e-03	6.364106e-04	9.133616e-04	-5.749456e-03	1.133452e-03	
5.689615e-04	6.364106e-04	1.050195e-03	3.720862e-04	-2.292339e-03	4.453981e-04	
8.089792e-04	9.133616e-04	3.720862e-04	1.347097e-03	-3.258461e-03	6.423236e-04	
-5.127097e-03	-5.749456e-03	-2.292339e-03	-3.258461e-03	2.108260e-02	-4.021505e-03	
1.024007e-03	1.133452e-03	4.453981e-04	6.423236e-04	-4.021505e-03	1.653307e-03	

VAR-COVAR MATRIX: ITER = 18000
2.062950e-03	1.363887e-03	5.016538e-04	6.784426e-04	-4.956346e-03	9.804466e-04	
1.363887e-03	2.312280e-03	5.598977e-04	7.639142e-04	-5.449375e-03	1.069707e-03	
5.016538e-04	5.598977e-04	1.015481e-03	2.811329e-04	-2.035453e-03	4.204765e-04	
6.784426e-04	7.639142e-04	2.811329e-04	1.196497e-03	-2.812192e-03	5.517312e-04	
-4.956346e-03	-5.449375e-03	-2.035453e-03	-2.812192e-03	2.080320e-02	-3.912932e-03	
9.804466e-04	1.069707e-03	4.204765e-04	5.517312e-04	-3.912932e-03	1.637548e-03	

VAR-COVAR MATRIX: ITER = 18500
2.114812e-03	1.391249e-03	5.588573e-04	7.627458e-04	-4.996269e-03	1.028999e-03	
1.391249e-03	2.383017e-03	5.876049e-04	8.173420e-04	-5.442166e-03	1.110609e-03	
5.588573e-04	5.876049e-04	1.056408e-03	3.257131e-04	-2.177560e-03	4.588831e-04	
7.627458e-04	8.173420e-04	3.257131e-04	1.274031e-03	-2.989178e-03	6.099788e-04	
-4.996269e-03	-5.442166e-03	-2.177560e-03	-2.989178e-03	2.028108e-02	-3.993814e-03	
1.028999e-03	1.110609e-03	4.588831e-04	6.099788e-04	-3.993814e-03	1.680333e-03	

VAR-COVAR MATRIX: ITER = 19000
2.091502e-03	1.428041e-03	5.525510e-04	7.657467e-04	-5.052445e-03	1.023604e-03	
1.428041e-03	2.456952e-03	6.135085e-04	8.456218e-04	-5.660440e-03	1.157997e-03	
5.525510e-04	6.135085e-04	1.075408e-03	3.570573e-04	-2.186776e-03	4.381829e-04	
7.657467e-04	8.456218e-04	3.570573e-04	1.307620e-03	-3.062181e-03	6.160892e-04	
-5.052445e-03	-5.660440e-03	-2.186776e-03	-3.062181e-03	2.068900e-02	-4.008660e-03	
1.023604e-03	1.157997e-03	4.381829e-04	6.160892e-04	-4.008660e-03	1.643978e-03	

VAR-COVAR MATRIX: ITER = 19500
2.114046e-03	1.428938e-03	5.246156e-04	7.360971e-04	-5.061146e-03	1.045228e-03	
1.428938e-03	2.459624e-03	5.882566e-04	8.345673e-04	-5.737574e-03	1.165567e-03	
5.246156e-04	5.882566e-04	1.016452e-03	3.128580e-04	-2.116090e-03	4.266014e-04	
7.360971e-04	8.345673e-04	3.128580e-04	1.244816e-03	-2.955939e-03	6.056641e-04	
-5.061146e-03	-5.737574e-03	-2.116090e-03	-2.955939e-03	2.094395e-02	-4.113602e-03	
1.045228e-03	1.165567e-03	4.266014e-04	6.056641e-04	-4.113602e-03	1.689213e-03	

VAR-COVAR MATRIX: ITER = 20000
2.094081e-03	1.406779e-03	5.332657e-04	7.505736e-04	-5.064401e-03	1.002469e-03	
1.406779e-03	2.442704e-03	5.946681e-04	8.146619e-04	-5.582348e-03	1.097567e-03	
5.332657e-04	5.946681e-04	1.041973e-03	3.279888e-04	-2.124053e-03	4.353068e-04	
7.505736e-04	8.146619e-04	3.279888e-04	1.236095e-03	-2.940907e-03	5.909971e-04	
-5.064401e-03	-5.582348e-03	-2.124053e-03	-2.940907e-03	2.068484e-02	-3.915215e-03	
1.002469e-03	1.097567e-03	4.353068e-04	5.909971e-04	-3.915215e-03	1.620087e-03	

VAR-COVAR MATRIX: ITER = 20500
2.087579e-03	1.371924e-03	5.294756e-04	7.264492e-04	-4.900393e-03	1.029371e-03	
1.371924e-03	2.351583e-03	5.777067e-04	7.934408e-04	-5.397024e-03	1.105861e-03	
5.294756e-04	5.777067e-04	1.047234e-03	3.165669e-04	-2.108581e-03	4.584632e-04	
7.264492e-04	7.934408e-04	3.165669e-04	1.271962e-03	-2.885641e-03	6.027240e-04	
-4.900393e-03	-5.397024e-03	-2.108581e-03	-2.885641e-03	1.991828e-02	-4.002173e-03	
1.029371e-03	1.105861e-03	4.584632e-04	6.027240e-04	-4.002173e-03	1.701137e-03	

VAR-COVAR MATRIX: ITER = 21000
2.166130e-03	1.515004e-03	6.055076e-04	8.039270e-04	-5.033981e-03	1.068614e-03	
1.515004e-03	2.510652e-03	6.626124e-04	8.832699e-04	-5.642154e-03	1.178862e-03	
6.055076e-04	6.626124e-04	1.084499e-03	3.620471e-04	-2.256359e-03	4.936285e-04	
8.039270e-04	8.832699e-04	3.620471e-04	1.319752e-03	-3.067564e-03	6.486970e-04	
-5.033981e-03	-5.642154e-03	-2.256359e-03	-3.067564e-03	1.974871e-02	-4.016570e-03	
1.068614e-03	1.178862e-03	4.936285e-04	6.486970e-04	-4.016570e-03	1.688146e-03	

VAR-COVAR MATRIX: ITER = 21500
2.185600e-03	1.528284e-03	6.316643e-04	8.254163e-04	-5.180793e-03	1.070624e-03	
1.528284e-03	2.552212e-03	6.897199e-04	8.846730e-04	-5.691739e-03	1.164162e-03	
6.316643e-04	6.897199e-04	1.119618e-03	3.917092e-04	-2.388858e-03	5.109616e-04	
8.254163e-04	8.846730e-04	3.917092e-04	1.313187e-03	-3.057775e-03	6.326188e-04	
-5.180793e-03	-5.691739e-03	-2.388858e-03	-3.057775e-03	2.003871e-02	-3.942619e-03	
1.070624e-03	1.164162e-03	5.109616e-04	6.326188e-04	-3.942619e-03	1.683677e-03	

VAR-COVAR MATRIX: ITER = 22000
2.159377e-03	1.509939e-03	5.563186e-04	7.929421e-04	-5.150793e-03	1.057003e-03	
1.509939e-03	2.568691e-03	6.429233e-04	8.676401e-04	-5.850599e-03	1.195199e-03	
5.563186e-04	6.429233e-04	1.073801e-03	3.376066e-04	-2.206386e-03	4.699938e-04	
7.929421e-04	8.676401e-04	3.376066e-04	1.304124e-03	-3.041571e-03	6.315289e-04	
-5.150793e-03	-5.850599e-03	-2.206386e-03	-3.041571e-03	2.070512e-02	-4.083369e-03	
1.057003e-03	1.195199e-03	4.699938e-04	6.315289e-04	-4.083369e-03	1.695259e-03	

VAR-COVAR MATRIX: ITER = 22500
2.046805e-03	1.398606e-03	5.185179e-04	7.333464e-04	-4.846824e-03	1.002586e-03	
1.398606e-03	2.459264e-03	5.757156e-04	8.408592e-04	-5.530229e-03	1.127335e-03	
5.185179e-04	5.757156e-04	1.015818e-03	3.146398e-04	-2.009221e-03	4.285605e-04	
7.333464e-04	8.408592e-04	3.146398e-04	1.256249e-03	-2.923157e-03	6.069469e-04	
-4.846824e-03	-5.530229e-03	-2.009221e-03	-2.923157e-03	1.991598e-02	-3.913136e-03	
1.002586e-03	1.127335e-03	4.285605e-04	6.069469e-04	-3.913136e-03	1.634712e-03	

VAR-COVAR MATRIX: ITER = 23000
2.149890e-03	1.454455e-03	5.702482e-04	7.609144e-04	-5.022602e-03	1.072143e-03	
1.454455e-03	2.453466e-03	5.799096e-04	8.078070e-04	-5.558289e-03	1.161197e-03	
5.702482e-04	5.799096e-04	1.034856e-03	3.406299e-04	-2.097185e-03	4.651326e-04	
7.609144e-04	8.078070e-04	3.406299e-04	1.241245e-03	-2.892757e-03	6.249017e-04	
-5.022602e-03	-5.558289e-03	-2.097185e-03	-2.892757e-03	1.994979e-02	-4.030764e-03	
1.072143e-03	1.161197e-03	4.651326e-04	6.249017e-04	-4.030764e-03	1.723737e-03	

VAR-COVAR MATRIX: ITER = 23500
2.039760e-03	1.394197e-03	5.689052e-04	7.492508e-04	-4.883059e-03	9.866650e-04	
1.394197e-03	2.424386e-03	6.299127e-04	8.200650e-04	-5.539689e-03	1.111390e-03	
5.689052e-04	6.299127e-04	1.102106e-03	3.617579e-04	-2.283094e-03	4.738724e-04	
7.492508e-04	8.200650e-04	3.617579e-04	1.276720e-03	-2.930521e-03	5.947078e-04	
-4.883059e-03	-5.539689e-03	-2.283094e-03	-2.930521e-03	2.011187e-02	-3.892383e-03	
9.866650e-04	1.111390e-03	4.738724e-04	5.947078e-04	-3.892383e-03	1.628239e-03	

VAR-COVAR MATRIX: ITER = 24000
2.115370e-03	1.463110e-03	5.890721e-04	8.213479e-04	-5.114038e-03	1.016594e-03	
1.463110e-03	2.566026e-03	6.784216e-04	9.107309e-04	-5.854337e-03	1.145441e-03	
5.890721e-04	6.784216e-04	1.128095e-03	3.840792e-04	-2.405014e-03	4.717718e-04	
8.213479e-04	9.107309e-04	3.840792e-04	1.333336e-03	-3.203461e-03	6.351322e-04	
-5.114038e-03	-5.854337e-03	-2.405014e-03	-3.203461e-03	2.101249e-02	-4.016580e-03	
1.016594e-03	1.145441e-03	4.717718e-04	6.351322e-04	-4.016580e-03	1.638341e-03	

VAR-COVAR MATRIX: ITER = 24500
2.111522e-03	1.386757e-03	5.227813e-04	7.298221e-04	-5.031788e-03	9.729295e-04	
1.386757e-03	2.360602e-03	5.873856e-04	8.016925e-04	-5.501881e-03	1.033383e-03	
5.227813e-04	5.873856e-04	1.035539e-03	3.157123e-04	-2.117849e-03	4.271475e-04	
7.298221e-04	8.016925e-04	3.157123e-04	1.234910e-03	-2.910617e-03	5.667320e-04	
-5.031788e-03	-5.501881e-03	-2.117849e-03	-2.910617e-03	2.059313e-02	-3.787499e-03	
9.729295e-04	1.033383e-03	4.271475e-04	5.667320e-04	-3.787499e-03	1.602260e-03	

VAR-COVAR MATRIX: ITER = 25000
2.200106e-03	1.531217e-03	5.950283e-04	8.817577e-04	-5.230480e-03	1.141309e-03	
1.531217e-03	2.561162e-03	6.609361e-04	9.867267e-04	-5.795645e-03	1.252240e-03	
5.950283e-04	6.609361e-04	1.101193e-03	3.803695e-04	-2.272709e-03	4.859879e-04	
8.817577e-04	9.867267e-04	3.803695e-04	1.400379e-03	-3.319368e-03	7.331314e-04	
-5.230480e-03	-5.795645e-03	-2.272709e-03	-3.319368e-03	2.038792e-02	-4.287094e-03	
1.141309e-03	1.252240e-03	4.859879e-04	7.331314e-04	-4.287094e-03	1.766199e-03	

VAR-COVAR MATRIX: ITER = 25500
2.050325e-03	1.381254e-03	5.806393e-04	7.978643e-04	-4.896547e-03	9.718379e-04	
1.381254e-03	2.398217e-03	6.347753e-04	8.580010e-04	-5.435553e-03	1.061877e-03	
5.806393e-04	6.347753e-04	1.085449e-03	3.683592e-04	-2.240386e-03	4.437386e-04	
7.978643e-04	8.580010e-04	3.683592e-04	1.342982e-03	-3.128540e-03	6.276406e-04	
-4.896547e-03	-5.435553e-03	-2.240386e-03	-3.128540e-03	2.003529e-02	-3.812900e-03	
9.718379e-04	1.061877e-03	4.437386e-04	6.276406e-04	-3.812900e-03	1.628553e-03	

VAR-COVAR MATRIX: ITER = 26000
2.203513e-03	1.508157e-03	6.154368e-04	7.869186e-04	-5.138239e-03	1.085690e-03	
1.508157e-03	2.490210e-03	6.555127e-04	8.633487e-04	-5.612043e-03	1.174663e-03	
6.154368e-04	6.555127e-04	1.086581e-03	3.560485e-04	-2.325188e-03	4.916204e-04	
7.869186e-04	8.633487e-04	3.560485e-04	1.290818e-03	-2.990896e-03	6.497058e-04	
-5.138239e-03	-5.612043e-03	-2.325188e-03	-2.990896e-03	2.002768e-02	-4.056037e-03	
1.085690e-03	1.174663e-03	4.916204e-04	6.497058e-04	-4.056037e-03	1.711693e-03	

VAR-COVAR MATRIX: ITER = 26500
2.147934e-03	1.476081e-03	5.550318e-04	7.551578e-04	-5.166101e-03	1.055719e-03	
1.476081e-03	2.436213e-03	5.842086e-04	8.105599e-04	-5.625716e-03	1.155490e-03	
5.550318e-04	5.842086e-04	1.053756e-03	3.242882e-04	-2.145861e-03	4.406176e-04	
7.551578e-04	8.105599e-04	3.242882e-04	1.248754e-03	-2.922752e-03	6.041992e-04	
-5.166101e-03	-5.625716e-03	-2.145861e-03	-2.922752e-03	2.067058e-02	-4.123278e-03	
1.055719e-03	1.155490e-03	4.406176e-04	6.041992e-04	-4.123278e-03	1.703384e-03	

VAR-COVAR MATRIX: ITER = 27000
2.056666e-03	1.374411e-03	5.207536e-04	7.126569e-04	-4.965016e-03	1.004290e-03	
1.374411e-03	2.375901e-03	5.702659e-04	7.501827e-04	-5.560046e-03	1.084519e-03	
5.207536e-04	5.702659e-04	1.034419e-03	3.078064e-04	-2.062656e-03	4.163848e-04	
7.126569e-04	7.501827e-04	3.078064e-04	1.203394e-03	-2.768561e-03	5.613963e-04	
-4.965016e-03	-5.560046e-03	-2.062656e-03	-2.768561e-03	2.066608e-02	-3.927937e-03	
1.004290e-03	1.084519e-03	4.163848e-04	5.613963e-04	-3.927937e-03	1.641054e-03	

VAR-COVAR MATRIX: ITER = 27500
2.066741e-03	1.363723e-03	5.132010e-04	6.995360e-04	-4.899128e-03	9.830535e-04	
1.363723e-03	2.388473e-03	5.825902e-04	8.062403e-04	-5.449545e-03	1.075764e-03	
5.132010e-04	5.825902e-04	1.051142e-03	3.287599e-04	-2.115894e-03	4.257852e-04	
6.995360e-04	8.062403e-04	3.287599e-04	1.257646e-03	-2.808870e-03	5.676739e-04	
-4.899128e-03	-5.449545e-03	-2.115894e-03	-2.808870e-03	2.013946e-02	-3.909335e-03	
9.830535e-04	1.075764e-03	4.257852e-04	5.676739e-04	-3.909335e-03	1.652383e-03	

VAR-COVAR MATRIX: ITER = 28000
2.196223e-03	1.496435e-03	6.259265e-04	7.455803e-04	-5.215037e-03	1.050870e-03	
1.496435e-03	2.485057e-03	6.789905e-04	8.229040e-04	-5.749490e-03	1.128594e-03	
6.259265e-04	6.789905e-04	1.107178e-03	3.456001e-04	-2.399168e-03	4.830352e-04	
7.455803e-04	8.229040e-04	3.456001e-04	1.242645e-03	-2.895526e-03	5.756813e-04	
-5.215037e-03	-5.749490e-03	-2.399168e-03	-2.895526e-03	2.079821e-02	-3.974019e-03	
1.050870e-03	1.128594e-03	4.830352e-04	5.756813e-04	-3.974019e-03	1.631961e-03	

VAR-COVAR MATRIX: ITER = 28500
2.081366e-03	1.418027e-03	5.180136e-04	6.849119e-04	-4.958642e-03	1.017891e-03	
1.418027e-03	2.440657e-03	5.842824e-04	7.696590e-04	-5.539682e-03	1.111265e-03	
5.180136e-04	5.842824e-04	1.047105e-03	3.041816e-04	-2.072210e-03	4.254175e-04	
6.849119e-04	7.696590e-04	3.041816e-04	1.182129e-03	-2.686222e-03	5.409948e-04	
-4.958642e-03	-5.539682e-03	-2.072210e-03	-2.686222e-03	2.027434e-02	-3.952776e-03	
1.017891e-03	1.111265e-03	4.254175e-04	5.409948e-04	-3.952776e-03	1.677035e-03	

VAR-COVAR MATRIX: ITER = 29000
2.215572e-03	1.565619e-03	6.124396e-04	7.731338e-04	-5.221376e-03	1.126826e-03	
1.565619e-03	2.610579e-03	6.881492e-04	8.604057e-04	-5.873447e-03	1.232083e-03	
6.124396e-04	6.881492e-04	1.099424e-03	3.428261e-04	-2.298505e-03	5.087573e-04	
7.731338e-04	8.604057e-04	3.428261e-04	1.254857e-03	-2.893587e-03	6.208335e-04	
-5.221376e-03	-5.873447e-03	-2.298505e-03	-2.893587e-03	2.025164e-02	-4.145414e-03	
1.126826e-03	1.232083e-03	5.087573e-04	6.208335e-04	-4.145414e-03	1.769945e-03	

VAR-COVAR MATRIX: ITER = 29500
2.136335e-03	1.453513e-03	5.610652e-04	7.549075e-04	-5.127261e-03	1.046471e-03	
1.453513e-03	2.462945e-03	6.181352e-04	8.388735e-04	-5.735742e-03	1.141660e-03	
5.610652e-04	6.181352e-04	1.066782e-03	3.280221e-04	-2.236419e-03	4.725310e-04	
7.549075e-04	8.388735e-04	3.280221e-04	1.262117e-03	-3.019316e-03	6.018952e-04	
-5.127261e-03	-5.735742e-03	-2.236419e-03	-3.019316e-03	2.100822e-02	-4.085720e-03	
1.046471e-03	1.141660e-03	4.725310e-04	6.018952e-04	-4.085720e-03	1.667338e-03	

VAR-COVAR MATRIX: ITER = 30000
2.122533e-03	1.430752e-03	5.844849e-04	7.381223e-04	-5.075222e-03	9.884985e-04	
1.430752e-03	2.438284e-03	6.274211e-04	8.222700e-04	-5.617036e-03	1.077016e-03	
5.844849e-04	6.274211e-04	1.079125e-03	3.345734e-04	-2.284401e-03	4.495719e-04	
7.381223e-04	8.222700e-04	3.345734e-04	1.237487e-03	-2.916988e-03	5.669006e-04	
-5.075222e-03	-5.617036e-03	-2.284401e-03	-2.916988e-03	2.076648e-02	-3.909524e-03	
9.884985e-04	1.077016e-03	4.495719e-04	5.669006e-04	-3.909524e-03	1.654945e-03	

VAR-COVAR MATRIX: ITER = 30500
2.058021e-03	1.407277e-03	5.323075e-04	7.227435e-04	-5.026877e-03	9.605321e-04	
1.407277e-03	2.445999e-03	6.096411e-04	8.257847e-04	-5.718650e-03	1.104906e-03	
5.323075e-04	6.096411e-04	1.069758e-03	3.275035e-04	-2.201634e-03	4.280059e-04	
7.227435e-04	8.257847e-04	3.275035e-04	1.249757e-03	-2.971496e-03	5.736444e-04	
-5.026877e-03	-5.718650e-03	-2.201634e-03	-2.971496e-03	2.118533e-02	-3.897311e-03	
9.605321e-04	1.104906e-03	4.280059e-04	5.736444e-04	-3.897311e-03	1.601438e-03	

VAR-COVAR MATRIX: ITER = 31000
2.012029e-03	1.352817e-03	4.926507e-04	6.998136e-04	-4.955145e-03	9.649208e-04	
1.352817e-03	2.388222e-03	5.492004e-04	8.000933e-04	-5.610344e-03	1.051668e-03	
4.926507e-04	5.492004e-04	1.037642e-03	2.987663e-04	-2.067300e-03	3.946292e-04	
6.998136e-04	8.000933e-04	2.987663e-04	1.242345e-03	-2.907131e-03	5.456683e-04	
-4.955145e-03	-5.610344e-03	-2.067300e-03	-2.907131e-03	2.114431e-02	-3.866827e-03	
9.649208e-04	1.051668e-03	3.946292e-04	5.456683e-04	-3.866827e-03	1.598252e-03	

VAR-COVAR MATRIX: ITER = 31500
2.054540e-03	1.392035e-03	5.481755e-04	7.699243e-04	-4.968729e-03	9.694089e-04	
1.392035e-03	2.412241e-03	5.900468e-04	8.426132e-04	-5.546831e-03	1.087217e-03	
5.481755e-04	5.900468e-04	1.050945e-03	3.390985e-04	-2.140199e-03	4.206388e-04	
7.699243e-04	8.426132e-04	3.390985e-04	1.285557e-03	-3.027146e-03	6.043879e-04	
-4.968729e-03	-5.546831e-03	-2.140199e-03	-3.027146e-03	2.051493e-02	-3.875535e-03	
9.694089e-04	1.087217e-03	4.206388e-04	6.043879e-04	-3.875535e-03	1.609298e-03	

VAR-COVAR MATRIX: ITER = 32000
2.157705e-03	1.449013e-03	6.294074e-04	7.847555e-04	-5.095694e-03	1.038065e-03	
1.449013e-03	2.451403e-03	6.685582e-04	8.440658e-04	-5.561415e-03	1.100303e-03	
6.294074e-04	6.685582e-04	1.096530e-03	3.908135e-04	-2.363001e-03	4.824478e-04	
7.847555e-04	8.440658e-04	3.908135e-04	1.272208e-03	-3.002619e-03	6.004107e-04	
-5.095694e-03	-5.561415e-03	-2.363001e-03	-3.002619e-03	2.019242e-02	-3.892603e-03	
1.038065e-03	1.100303e-03	4.824478e-04	6.004107e-04	-3.892603e-03	1.635665e-03	

VAR-COVAR MATRIX: ITER = 32500
2.098908e-03	1.425757e-03	5.567567e-04	7.336809e-04	-5.032049e-03	9.958426e-04	
1.425757e-03	2.485306e-03	6.220487e-04	7.874125e-04	-5.641319e-03	1.116694e-03	
5.567567e-04	6.220487e-04	1.073164e-03	3.245550e-04	-2.212988e-03	4.390663e-04	
7.336809e-04	7.874125e-04	3.245550e-04	1.233935e-03	-2.864040e-03	5.771564e-04	
-5.032049e-03	-5.641319e-03	-2.212988e-03	-2.864040e-03	2.062744e-02	-3.900098e-03	
9.958426e-04	1.116694e-03	4.390663e-04	5.771564e-04	-3.900098e-03	1.624943e-03	

VAR-COVAR MATRIX: ITER = 33000
2.097384e-03	1.385612e-03	5.419614e-04	7.606399e-04	-5.040048e-03	1.014091e-03	
1.385612e-03	2.379540e-03	5.908324e-04	8.311988e-04	-5.448912e-03	1.057711e-03	
5.419614e-04	5.908324e-04	1.038681e-03	3.424180e-04	-2.137125e-03	4.176661e-04	
7.606399e-04	8.311988e-04	3.424180e-04	1.294858e-03	-2.970682e-03	6.084497e-04	
-5.040048e-03	-5.448912e-03	-2.137125e-03	-2.970682e-03	2.045378e-02	-3.892101e-03	
1.014091e-03	1.057711e-03	4.176661e-04	6.084497e-04	-3.892101e-03	1.644517e-03	

VAR-COVAR MATRIX: ITER = 33500
2.179071e-03	1.444057e-03	5.820087e-04	8.241679e-04	-5.160444e-03	1.093478e-03	
1.444057e-03	2.387393e-03	6.200203e-04	8.603628e-04	-5.491310e-03	1.119082e-03	
5.820087e-04	6.200203e-04	1.079780e-03	3.518759e-04	-2.220798e-03	4.575493e-04	
8.241679e-04	8.603628e-04	3.518759e-04	1.304637e-03	-3.064129e-03	6.482951e-04	
-5.160444e-03	-5.491310e-03	-2.220798e-03	-3.064129e-03	2.019511e-02	-4.064473e-03	
1.093478e-03	1.119082e-03	4.575493e-04	6.482951e-04	-4.064473e-03	1.709440e-03	

VAR-COVAR MATRIX: ITER = 34000
2.090554e-03	1.403938e-03	5.453094e-04	7.705890e-04	-4.911841e-03	1.005103e-03	
1.403938e-03	2.433446e-03	6.195553e-04	8.424091e-04	-5.506226e-03	1.078051e-03	
5.453094e-04	6.195553e-04	1.075350e-03	3.552611e-04	-2.198552e-03	4.684133e-04	
7.705890e-04	8.424091e-04	3.552611e-04	1.295323e-03	-3.003277e-03	6.143269e-04	
-4.911841e-03	-5.506226e-03	-2.198552e-03	-3.003277e-03	1.992882e-02	-3.867910e-03	
1.005103e-03	1.078051e-03	4.684133e-04	6.143269e-04	-3.867910e-03	1.644296e-03	

VAR-COVAR MATRIX: ITER = 34500
2.185073e-03	1.469359e-03	5.796920e-04	8.180082e-04	-5.256432e-03	1.098464e-03	
1.469359e-03	2.459289e-03	6.249525e-04	8.615043e-04	-5.686289e-03	1.152348e-03	
5.796920e-04	6.249525e-04	1.070455e-03	3.509566e-04	-2.219809e-03	4.574024e-04	
8.180082e-04	8.615043e-04	3.509566e-04	1.304194e-03	-3.109909e-03	6.419505e-04	
-5.256432e-03	-5.686289e-03	-2.219809e-03	-3.109909e-03	2.090473e-02	-4.140712e-03	
1.098464e-03	1.152348e-03	4.574024e-04	6.419505e-04	-4.140712e-03	1.692847e-03	

VAR-COVAR MATRIX: ITER = 35000
2.161826e-03	1.412839e-03	5.446414e-04	7.952445e-04	-5.076627e-03	1.079502e-03	
1.412839e-03	2.380601e-03	5.787634e-04	8.368700e-04	-5.417714e-03	1.141116e-03	
5.446414e-04	5.787634e-04	1.052683e-03	3.394023e-04	-2.139724e-03	4.469878e-04	
7.952445e-04	8.368700e-04	3.394023e-04	1.301084e-03	-3.019809e-03	6.431781e-04	
-5.076627e-03	-5.417714e-03	-2.139724e-03	-3.019809e-03	2.009444e-02	-4.076677e-03	
1.079502e-03	1.141116e-03	4.469878e-04	6.431781e-04	-4.076677e-03	1.741402e-03	

VAR-COVAR MATRIX: ITER = 35500
2.107757e-03	1.465373e-03	5.907262e-04	7.976014e-04	-5.035362e-03	1.104951e-03	
1.465373e-03	2.545801e-03	6.555821e-04	8.865361e-04	-5.774388e-03	1.254378e-03	
5.907262e-04	6.555821e-04	1.106987e-03	3.620681e-04	-2.298328e-03	5.081493e-04	
7.976014e-04	8.865361e-04	3.620681e-04	1.327629e-03	-3.106286e-03	6.811528e-04	
-5.035362e-03	-5.774388e-03	-2.298328e-03	-3.106286e-03	2.058105e-02	-4.351185e-03	
1.104951e-03	1.254378e-03	5.081493e-04	6.811528e-04	-4.351185e-03	1.807249e-03	

VAR-COVAR MATRIX: ITER = 36000
2.001781e-03	1.332281e-03	4.990899e-04	6.849498e-04	-4.915076e-03	1.006990e-03	
1.332281e-03	2.412437e-03	5.541906e-04	7.642401e-04	-5.539542e-03	1.122160e-03	
4.990899e-04	5.541906e-04	1.021623e-03	2.968511e-04	-2.061160e-03	4.161853e-04	
6.849498e-04	7.642401e-04	2.968511e-04	1.222928e-03	-2.852868e-03	5.926152e-04	
-4.915076e-03	-5.539542e-03	-2.061160e-03	-2.852868e-03	2.102926e-02	-4.150122e-03	
1.006990e-03	1.122160e-03	4.161853e-04	5.926152e-04	-4.150122e-03	1.708820e-03	

VAR-COVAR MATRIX: ITER = 36500
2.138969e-03	1.446610e-03	5.522439e-04	8.072803e-04	-5.103374e-03	1.099469e-03	
1.446610e-03	2.447768e-03	5.924605e-04	8.682222e-04	-5.669531e-03	1.175375e-03	
5.522439e-04	5.924605e-04	1.030015e-03	3.231668e-04	-2.123816e-03	4.610343e-04	
8.072803e-04	8.682222e-04	3.231668e-04	1.304424e-03	-3.084063e-03	6.396463e-04	
-5.103374e-03	-5.669531e-03	-2.123816e-03	-3.084063e-03	2.062106e-02	-4.199248e-03	
1.099469e-03	1.175375e-03	4.610343e-04	6.396463e-04	-4.199248e-03	1.753462e-03	

VAR-COVAR MATRIX: ITER = 37000
2.134985e-03	1.507538e-03	5.630219e-04	8.298629e-04	-5.109732e-03	1.121838e-03	
1.507538e-03	2.606694e-03	6.363989e-04	9.272528e-04	-5.831457e-03	1.287884e-03	
5.630219e-04	6.363989e-04	1.058266e-03	3.455465e-04	-2.142933e-03	4.804500e-04	
8.298629e-04	9.272528e-04	3.455465e-04	1.322478e-03	-3.124795e-03	6.891460e-04	
-5.109732e-03	-5.831457e-03	-2.142933e-03	-3.124795e-03	2.034518e-02	-4.302234e-03	
1.121838e-03	1.287884e-03	4.804500e-04	6.891460e-04	-4.302234e-03	1.807078e-03	

VAR-COVAR MATRIX: ITER = 37500
2.142618e-03	1.481477e-03	5.531192e-04	7.908781e-04	-5.052158e-03	1.080033e-03	
1.481477e-03	2.486981e-03	5.943241e-04	8.603719e-04	-5.619465e-03	1.188657e-03	
5.531192e-04	5.943241e-04	1.040075e-03	3.325957e-04	-2.059870e-03	4.398714e-04	
7.908781e-04	8.603719e-04	3.325957e-04	1.299963e-03	-3.034880e-03	6.358098e-04	
-5.052158e-03	-5.619465e-03	-2.059870e-03	-3.034880e-03	2.008425e-02	-4.092956e-03	
1.080033e-03	1.188657e-03	4.398714e-04	6.358098e-04	-4.092956e-03	1.741056e-03	

VAR-COVAR MATRIX: ITER = 38000
2.183643e-03	1.529539e-03	5.475581e-04	7.553373e-04	-5.128466e-03	1.036637e-03	
1.529539e-03	2.523990e-03	5.827772e-04	8.246209e-04	-5.654443e-03	1.156161e-03	
5.475581e-04	5.827772e-04	1.030267e-03	3.069274e-04	-2.032153e-03	4.224777e-04	
7.553373e-04	8.246209e-04	3.069274e-04	1.257737e-03	-2.845705e-03	5.857907e-04	
-5.128466e-03	-5.654443e-03	-2.032153e-03	-2.845705e-03	1.994733e-02	-3.919213e-03	
1.036637e-03	1.156161e-03	4.224777e-04	5.857907e-04	-3.919213e-03	1.635730e-03	

VAR-COVAR MATRIX: ITER = 38500
2.231015e-03	1.471732e-03	6.103597e-04	7.978679e-04	-5.240688e-03	1.094082e-03	
1.471732e-03	2.379373e-03	6.085682e-04	8.253169e-04	-5.437537e-03	1.127004e-03	
6.103597e-04	6.085682e-04	1.065692e-03	3.286235e-04	-2.241559e-03	4.660073e-04	
7.978679e-04	8.253169e-04	3.286235e-04	1.282500e-03	-2.964211e-03	6.283604e-04	
-5.240688e-03	-5.437537e-03	-2.241559e-03	-2.964211e-03	2.023838e-02	-4.084363e-03	
