===== BAYENV2.0 =====

input file is set
number of populations is set
number of iterations is set
seed is set
TEST = 0 . So running matrix estimation
MCMC VER 0.71 (THREADED)
ITERATIONS = 100000
INPUT FILE = Y2017_filtered_snpsfile_8621.txt
SEED = -44234

num_alleles = 17242.000000
number of loci = 8621
VAR-COVAR MATRIX: ITER = 500
2.121996e-03	1.353934e-03	4.189985e-04	6.395244e-04	-4.891865e-03	7.216772e-04	
1.353934e-03	2.649330e-03	4.654575e-04	6.782974e-04	-5.655901e-03	7.606315e-04	
4.189985e-04	4.654575e-04	1.140223e-03	2.472957e-04	-1.905204e-03	2.851605e-04	
6.395244e-04	6.782974e-04	2.472957e-04	1.340187e-03	-2.764428e-03	4.025563e-04	
-4.891865e-03	-5.655901e-03	-1.905204e-03	-2.764428e-03	2.094431e-02	-3.122344e-03	
7.216772e-04	7.606315e-04	2.851605e-04	4.025563e-04	-3.122344e-03	1.588866e-03	

VAR-COVAR MATRIX: ITER = 1000
1.989793e-03	1.373389e-03	4.769052e-04	6.783766e-04	-4.862336e-03	8.217287e-04	
1.373389e-03	2.473517e-03	5.344831e-04	7.703649e-04	-5.693115e-03	9.424248e-04	
4.769052e-04	5.344831e-04	1.018102e-03	2.854131e-04	-1.939436e-03	3.336042e-04	
6.783766e-04	7.703649e-04	2.854131e-04	1.207742e-03	-2.738192e-03	4.575183e-04	
-4.862336e-03	-5.693115e-03	-1.939436e-03	-2.738192e-03	2.083166e-02	-3.373257e-03	
8.217287e-04	9.424248e-04	3.336042e-04	4.575183e-04	-3.373257e-03	1.464856e-03	

VAR-COVAR MATRIX: ITER = 1500
2.029569e-03	1.353222e-03	4.820631e-04	7.568562e-04	-4.788775e-03	9.103268e-04	
1.353222e-03	2.390379e-03	5.384949e-04	8.598917e-04	-5.434721e-03	1.004057e-03	
4.820631e-04	5.384949e-04	1.010263e-03	3.060073e-04	-1.942972e-03	3.743241e-04	
7.568562e-04	8.598917e-04	3.060073e-04	1.288348e-03	-2.996627e-03	5.579989e-04	
-4.788775e-03	-5.434721e-03	-1.942972e-03	-2.996627e-03	1.987192e-02	-3.593780e-03	
9.103268e-04	1.004057e-03	3.743241e-04	5.579989e-04	-3.593780e-03	1.553111e-03	

VAR-COVAR MATRIX: ITER = 2000
2.038890e-03	1.379538e-03	5.115566e-04	7.539483e-04	-4.884451e-03	9.554806e-04	
1.379538e-03	2.424307e-03	5.675222e-04	8.385012e-04	-5.529727e-03	1.043027e-03	
5.115566e-04	5.675222e-04	1.022072e-03	3.285635e-04	-2.037664e-03	3.958918e-04	
7.539483e-04	8.385012e-04	3.285635e-04	1.268646e-03	-2.991209e-03	5.723100e-04	
-4.884451e-03	-5.529727e-03	-2.037664e-03	-2.991209e-03	2.033991e-02	-3.775095e-03	
9.554806e-04	1.043027e-03	3.958918e-04	5.723100e-04	-3.775095e-03	1.573963e-03	

VAR-COVAR MATRIX: ITER = 2500
2.100612e-03	1.421399e-03	5.512724e-04	7.712511e-04	-4.913387e-03	9.766873e-04	
1.421399e-03	2.479844e-03	6.067384e-04	8.401091e-04	-5.571246e-03	1.115339e-03	
5.512724e-04	6.067384e-04	1.043468e-03	3.408418e-04	-2.134713e-03	4.534837e-04	
7.712511e-04	8.401091e-04	3.408418e-04	1.264622e-03	-2.975903e-03	6.037388e-04	
-4.913387e-03	-5.571246e-03	-2.134713e-03	-2.975903e-03	1.988971e-02	-3.858513e-03	
9.766873e-04	1.115339e-03	4.534837e-04	6.037388e-04	-3.858513e-03	1.636924e-03	

VAR-COVAR MATRIX: ITER = 3000
2.148559e-03	1.539571e-03	5.445484e-04	8.213496e-04	-5.103387e-03	1.006022e-03	
1.539571e-03	2.626651e-03	6.161452e-04	9.349200e-04	-5.879679e-03	1.153118e-03	
5.445484e-04	6.161452e-04	1.080361e-03	3.443670e-04	-2.145089e-03	4.293990e-04	
8.213496e-04	9.349200e-04	3.443670e-04	1.328610e-03	-3.201538e-03	6.284879e-04	
-5.103387e-03	-5.879679e-03	-2.145089e-03	-3.201538e-03	2.049033e-02	-3.904750e-03	
1.006022e-03	1.153118e-03	4.293990e-04	6.284879e-04	-3.904750e-03	1.614300e-03	

VAR-COVAR MATRIX: ITER = 3500
2.082714e-03	1.428920e-03	5.351517e-04	7.950105e-04	-4.979967e-03	9.673727e-04	
1.428920e-03	2.465537e-03	5.908371e-04	8.890898e-04	-5.625661e-03	1.076487e-03	
5.351517e-04	5.908371e-04	1.039716e-03	3.380001e-04	-2.101179e-03	4.153010e-04	
7.950105e-04	8.890898e-04	3.380001e-04	1.318733e-03	-3.129942e-03	6.129011e-04	
-4.979967e-03	-5.625661e-03	-2.101179e-03	-3.129942e-03	2.025838e-02	-3.771043e-03	
9.673727e-04	1.076487e-03	4.153010e-04	6.129011e-04	-3.771043e-03	1.577825e-03	

VAR-COVAR MATRIX: ITER = 4000
2.023146e-03	1.368809e-03	4.955415e-04	7.178938e-04	-4.770153e-03	9.278998e-04	
1.368809e-03	2.406433e-03	5.861932e-04	8.139513e-04	-5.434981e-03	1.045687e-03	
4.955415e-04	5.861932e-04	1.053575e-03	3.271712e-04	-2.048044e-03	4.096565e-04	
7.178938e-04	8.139513e-04	3.271712e-04	1.265150e-03	-2.891779e-03	5.659616e-04	
-4.770153e-03	-5.434981e-03	-2.048044e-03	-2.891779e-03	1.974468e-02	-3.693547e-03	
9.278998e-04	1.045687e-03	4.096565e-04	5.659616e-04	-3.693547e-03	1.581291e-03	

VAR-COVAR MATRIX: ITER = 4500
2.037121e-03	1.364529e-03	5.211777e-04	7.093475e-04	-4.870361e-03	9.249216e-04	
1.364529e-03	2.359490e-03	5.705382e-04	7.615097e-04	-5.407366e-03	1.032888e-03	
5.211777e-04	5.705382e-04	1.039122e-03	3.007276e-04	-2.085816e-03	3.932671e-04	
7.093475e-04	7.615097e-04	3.007276e-04	1.227028e-03	-2.810244e-03	5.294846e-04	
-4.870361e-03	-5.407366e-03	-2.085816e-03	-2.810244e-03	2.012431e-02	-3.727761e-03	
9.249216e-04	1.032888e-03	3.932671e-04	5.294846e-04	-3.727761e-03	1.581053e-03	

VAR-COVAR MATRIX: ITER = 5000
2.211621e-03	1.466212e-03	5.988682e-04	8.040405e-04	-5.212009e-03	1.058700e-03	
1.466212e-03	2.416340e-03	6.297345e-04	8.515147e-04	-5.558768e-03	1.145070e-03	
5.988682e-04	6.297345e-04	1.091084e-03	3.604320e-04	-2.231830e-03	4.824836e-04	
8.040405e-04	8.515147e-04	3.604320e-04	1.302604e-03	-3.050279e-03	5.995007e-04	
-5.212009e-03	-5.558768e-03	-2.231830e-03	-3.050279e-03	2.039143e-02	-4.020718e-03	
1.058700e-03	1.145070e-03	4.824836e-04	5.995007e-04	-4.020718e-03	1.672777e-03	

VAR-COVAR MATRIX: ITER = 5500
2.208980e-03	1.499686e-03	6.073606e-04	7.800765e-04	-5.197872e-03	1.053737e-03	
1.499686e-03	2.487154e-03	6.393144e-04	8.267214e-04	-5.664911e-03	1.148009e-03	
6.073606e-04	6.393144e-04	1.078362e-03	3.556005e-04	-2.250651e-03	4.769102e-04	
7.800765e-04	8.267214e-04	3.556005e-04	1.255379e-03	-2.905076e-03	5.917490e-04	
-5.197872e-03	-5.664911e-03	-2.250651e-03	-2.905076e-03	2.034586e-02	-3.980362e-03	
1.053737e-03	1.148009e-03	4.769102e-04	5.917490e-04	-3.980362e-03	1.662357e-03	

VAR-COVAR MATRIX: ITER = 6000
2.258738e-03	1.532833e-03	5.997727e-04	8.297957e-04	-5.275463e-03	1.105176e-03	
1.532833e-03	2.432977e-03	6.322681e-04	8.586508e-04	-5.523503e-03	1.138272e-03	
5.997727e-04	6.322681e-04	1.078843e-03	3.463901e-04	-2.179099e-03	4.693583e-04	
8.297957e-04	8.586508e-04	3.463901e-04	1.289047e-03	-3.007125e-03	6.391060e-04	
-5.275463e-03	-5.523503e-03	-2.179099e-03	-3.007125e-03	1.990626e-02	-3.999008e-03	
1.105176e-03	1.138272e-03	4.693583e-04	6.391060e-04	-3.999008e-03	1.690896e-03	

VAR-COVAR MATRIX: ITER = 6500
2.184528e-03	1.430796e-03	5.489945e-04	8.027559e-04	-5.141461e-03	1.040455e-03	
1.430796e-03	2.389827e-03	5.667358e-04	8.256305e-04	-5.411173e-03	1.071417e-03	
5.489945e-04	5.667358e-04	1.052119e-03	3.168586e-04	-2.080809e-03	4.261631e-04	
8.027559e-04	8.256305e-04	3.168586e-04	1.305000e-03	-3.019780e-03	6.026631e-04	
-5.141461e-03	-5.411173e-03	-2.080809e-03	-3.019780e-03	2.026554e-02	-3.922054e-03	
1.040455e-03	1.071417e-03	4.261631e-04	6.026631e-04	-3.922054e-03	1.658070e-03	

VAR-COVAR MATRIX: ITER = 7000
2.241938e-03	1.451469e-03	5.624937e-04	8.451236e-04	-5.321878e-03	1.090019e-03	
1.451469e-03	2.369724e-03	5.797319e-04	8.529438e-04	-5.508527e-03	1.115578e-03	
5.624937e-04	5.797319e-04	1.026047e-03	3.388901e-04	-2.122814e-03	4.273024e-04	
8.451236e-04	8.529438e-04	3.388901e-04	1.313107e-03	-3.102653e-03	6.238478e-04	
-5.321878e-03	-5.508527e-03	-2.122814e-03	-3.102653e-03	2.067620e-02	-4.033826e-03	
1.090019e-03	1.115578e-03	4.273024e-04	6.238478e-04	-4.033826e-03	1.675562e-03	

VAR-COVAR MATRIX: ITER = 7500
2.164724e-03	1.443724e-03	5.721365e-04	7.788925e-04	-5.096835e-03	1.084950e-03	
1.443724e-03	2.422562e-03	5.768788e-04	8.313571e-04	-5.492464e-03	1.153785e-03	
5.721365e-04	5.768788e-04	1.052732e-03	3.284807e-04	-2.143660e-03	4.660303e-04	
7.788925e-04	8.313571e-04	3.284807e-04	1.273426e-03	-2.958933e-03	6.401724e-04	
-5.096835e-03	-5.492464e-03	-2.143660e-03	-2.958933e-03	2.003643e-02	-4.129499e-03	
1.084950e-03	1.153785e-03	4.660303e-04	6.401724e-04	-4.129499e-03	1.738066e-03	

VAR-COVAR MATRIX: ITER = 8000
2.186096e-03	1.461310e-03	5.882492e-04	8.013571e-04	-5.211128e-03	1.081511e-03	
1.461310e-03	2.428551e-03	6.224099e-04	8.482440e-04	-5.586490e-03	1.107809e-03	
5.882492e-04	6.224099e-04	1.074543e-03	3.617431e-04	-2.237317e-03	4.543104e-04	
8.013571e-04	8.482440e-04	3.617431e-04	1.270640e-03	-3.038314e-03	6.206878e-04	
-5.211128e-03	-5.586490e-03	-2.237317e-03	-3.038314e-03	2.064284e-02	-4.041644e-03	
1.081511e-03	1.107809e-03	4.543104e-04	6.206878e-04	-4.041644e-03	1.651587e-03	

VAR-COVAR MATRIX: ITER = 8500
2.058670e-03	1.356833e-03	5.624276e-04	7.934896e-04	-4.890168e-03	9.888529e-04	
1.356833e-03	2.366061e-03	6.240747e-04	8.585867e-04	-5.398877e-03	1.094061e-03	
5.624276e-04	6.240747e-04	1.087671e-03	3.790716e-04	-2.270409e-03	4.648400e-04	
7.934896e-04	8.585867e-04	3.790716e-04	1.356397e-03	-3.149853e-03	6.602988e-04	
-4.890168e-03	-5.398877e-03	-2.270409e-03	-3.149853e-03	2.004280e-02	-3.921937e-03	
9.888529e-04	1.094061e-03	4.648400e-04	6.602988e-04	-3.921937e-03	1.658507e-03	

VAR-COVAR MATRIX: ITER = 9000
2.067643e-03	1.405250e-03	5.648873e-04	7.641943e-04	-5.011839e-03	9.925892e-04	
1.405250e-03	2.431565e-03	6.106080e-04	8.309295e-04	-5.616025e-03	1.106402e-03	
5.648873e-04	6.106080e-04	1.084646e-03	3.530337e-04	-2.244718e-03	4.657299e-04	
7.641943e-04	8.309295e-04	3.530337e-04	1.285719e-03	-3.040292e-03	6.213061e-04	
-5.011839e-03	-5.616025e-03	-2.244718e-03	-3.040292e-03	2.091766e-02	-4.016978e-03	
9.925892e-04	1.106402e-03	4.657299e-04	6.213061e-04	-4.016978e-03	1.660230e-03	

VAR-COVAR MATRIX: ITER = 9500
2.126991e-03	1.438494e-03	5.996436e-04	8.025843e-04	-5.086428e-03	1.042210e-03	
1.438494e-03	2.439314e-03	6.603907e-04	8.924385e-04	-5.585196e-03	1.139801e-03	
5.996436e-04	6.603907e-04	1.091372e-03	3.640478e-04	-2.320824e-03	4.834461e-04	
8.025843e-04	8.924385e-04	3.640478e-04	1.315110e-03	-3.143786e-03	6.401150e-04	
-5.086428e-03	-5.585196e-03	-2.320824e-03	-3.143786e-03	2.036941e-02	-4.035214e-03	
1.042210e-03	1.139801e-03	4.834461e-04	6.401150e-04	-4.035214e-03	1.689405e-03	

VAR-COVAR MATRIX: ITER = 10000
2.082874e-03	1.416046e-03	5.503991e-04	7.868808e-04	-5.007042e-03	1.008651e-03	
1.416046e-03	2.395295e-03	6.212448e-04	8.288759e-04	-5.503155e-03	1.088234e-03	
5.503991e-04	6.212448e-04	1.069736e-03	3.376996e-04	-2.194982e-03	4.436295e-04	
7.868808e-04	8.288759e-04	3.376996e-04	1.289120e-03	-3.012238e-03	6.254908e-04	
-5.007042e-03	-5.503155e-03	-2.194982e-03	-3.012238e-03	2.030550e-02	-3.927215e-03	
1.008651e-03	1.088234e-03	4.436295e-04	6.254908e-04	-3.927215e-03	1.643122e-03	

VAR-COVAR MATRIX: ITER = 10500
1.987900e-03	1.328836e-03	5.262442e-04	7.266748e-04	-4.749446e-03	9.641307e-04	
1.328836e-03	2.326220e-03	5.775934e-04	8.043357e-04	-5.337344e-03	1.047827e-03	
5.262442e-04	5.775934e-04	1.052724e-03	3.360613e-04	-2.158427e-03	4.379435e-04	
7.266748e-04	8.043357e-04	3.360613e-04	1.274358e-03	-2.981839e-03	5.915189e-04	
-4.749446e-03	-5.337344e-03	-2.158427e-03	-2.981839e-03	1.999455e-02	-3.825458e-03	
9.641307e-04	1.047827e-03	4.379435e-04	5.915189e-04	-3.825458e-03	1.617084e-03	

VAR-COVAR MATRIX: ITER = 11000
1.954556e-03	1.289268e-03	4.503137e-04	7.065169e-04	-4.831717e-03	9.708292e-04	
1.289268e-03	2.313838e-03	5.313621e-04	7.877406e-04	-5.453638e-03	1.050909e-03	
4.503137e-04	5.313621e-04	1.003047e-03	2.876463e-04	-1.959205e-03	4.044029e-04	
7.065169e-04	7.877406e-04	2.876463e-04	1.258966e-03	-2.943233e-03	5.865701e-04	
-4.831717e-03	-5.453638e-03	-1.959205e-03	-2.943233e-03	2.098818e-02	-3.994970e-03	
9.708292e-04	1.050909e-03	4.044029e-04	5.865701e-04	-3.994970e-03	1.649790e-03	

VAR-COVAR MATRIX: ITER = 11500
2.029419e-03	1.350606e-03	4.729655e-04	7.409927e-04	-4.949412e-03	9.609122e-04	
1.350606e-03	2.367772e-03	5.348605e-04	8.168760e-04	-5.550923e-03	1.037905e-03	
4.729655e-04	5.348605e-04	1.002537e-03	2.865325e-04	-1.960901e-03	3.909462e-04	
7.409927e-04	8.168760e-04	2.865325e-04	1.297978e-03	-2.993877e-03	5.739504e-04	
-4.949412e-03	-5.550923e-03	-1.960901e-03	-2.993877e-03	2.090540e-02	-3.872347e-03	
9.609122e-04	1.037905e-03	3.909462e-04	5.739504e-04	-3.872347e-03	1.591676e-03	

VAR-COVAR MATRIX: ITER = 12000
2.057057e-03	1.357793e-03	5.163783e-04	7.288053e-04	-5.024741e-03	9.649011e-04	
1.357793e-03	2.328588e-03	5.434905e-04	7.974183e-04	-5.457672e-03	1.040940e-03	
5.163783e-04	5.434905e-04	1.049526e-03	3.156117e-04	-2.034790e-03	4.051586e-04	
7.288053e-04	7.974183e-04	3.156117e-04	1.238559e-03	-2.936432e-03	5.707481e-04	
-5.024741e-03	-5.457672e-03	-2.034790e-03	-2.936432e-03	2.080729e-02	-3.817434e-03	
9.649011e-04	1.040940e-03	4.051586e-04	5.707481e-04	-3.817434e-03	1.591758e-03	

VAR-COVAR MATRIX: ITER = 12500
2.226457e-03	1.495186e-03	6.214625e-04	8.038331e-04	-5.233793e-03	1.099669e-03	
1.495186e-03	2.469786e-03	6.458410e-04	8.672669e-04	-5.588915e-03	1.156551e-03	
6.214625e-04	6.458410e-04	1.094639e-03	3.781514e-04	-2.283987e-03	4.963128e-04	
8.038331e-04	8.672669e-04	3.781514e-04	1.288467e-03	-3.043696e-03	6.302163e-04	
-5.233793e-03	-5.588915e-03	-2.283987e-03	-3.043696e-03	2.010983e-02	-4.035891e-03	
1.099669e-03	1.156551e-03	4.963128e-04	6.302163e-04	-4.035891e-03	1.674226e-03	

VAR-COVAR MATRIX: ITER = 13000
2.132965e-03	1.422226e-03	6.213297e-04	8.058548e-04	-5.060724e-03	1.060360e-03	
1.422226e-03	2.411769e-03	6.654232e-04	8.496305e-04	-5.492669e-03	1.123767e-03	
6.213297e-04	6.654232e-04	1.118497e-03	3.753202e-04	-2.340533e-03	5.079770e-04	
8.058548e-04	8.496305e-04	3.753202e-04	1.297723e-03	-3.031008e-03	6.456923e-04	
-5.060724e-03	-5.492669e-03	-2.340533e-03	-3.031008e-03	2.011125e-02	-3.998047e-03	
1.060360e-03	1.123767e-03	5.079770e-04	6.456923e-04	-3.998047e-03	1.716012e-03	

VAR-COVAR MATRIX: ITER = 13500
2.128008e-03	1.404952e-03	5.674142e-04	7.256532e-04	-5.038018e-03	1.013648e-03	
1.404952e-03	2.330501e-03	5.886988e-04	7.702540e-04	-5.400185e-03	1.040915e-03	
5.674142e-04	5.886988e-04	1.069730e-03	3.103145e-04	-2.186445e-03	4.437257e-04	
7.256532e-04	7.702540e-04	3.103145e-04	1.211954e-03	-2.769813e-03	5.598673e-04	
-5.038018e-03	-5.400185e-03	-2.186445e-03	-2.769813e-03	2.034424e-02	-3.832905e-03	
1.013648e-03	1.040915e-03	4.437257e-04	5.598673e-04	-3.832905e-03	1.612461e-03	

VAR-COVAR MATRIX: ITER = 14000
2.106794e-03	1.400436e-03	5.198580e-04	7.500672e-04	-5.095526e-03	9.687921e-04	
1.400436e-03	2.358770e-03	5.305151e-04	7.866222e-04	-5.509440e-03	1.037593e-03	
5.198580e-04	5.305151e-04	1.018796e-03	2.982469e-04	-2.011174e-03	3.740235e-04	
7.500672e-04	7.866222e-04	2.982469e-04	1.257350e-03	-2.890697e-03	5.601815e-04	
-5.095526e-03	-5.509440e-03	-2.011174e-03	-2.890697e-03	2.074022e-02	-3.804240e-03	
9.687921e-04	1.037593e-03	3.740235e-04	5.601815e-04	-3.804240e-03	1.594455e-03	

VAR-COVAR MATRIX: ITER = 14500
1.995163e-03	1.351624e-03	4.979004e-04	7.014156e-04	-4.710693e-03	9.496456e-04	
1.351624e-03	2.437846e-03	5.544946e-04	8.034024e-04	-5.530158e-03	1.109906e-03	
4.979004e-04	5.544946e-04	1.029775e-03	2.978851e-04	-1.967813e-03	4.034607e-04	
7.014156e-04	8.034024e-04	2.978851e-04	1.240557e-03	-2.856915e-03	5.715120e-04	
-4.710693e-03	-5.530158e-03	-1.967813e-03	-2.856915e-03	2.003523e-02	-3.870008e-03	
9.496456e-04	1.109906e-03	4.034607e-04	5.715120e-04	-3.870008e-03	1.628592e-03	

VAR-COVAR MATRIX: ITER = 15000
2.028891e-03	1.379732e-03	5.128312e-04	7.592612e-04	-4.924800e-03	9.557668e-04	
1.379732e-03	2.436123e-03	5.835338e-04	8.345338e-04	-5.623952e-03	1.054970e-03	
5.128312e-04	5.835338e-04	1.033747e-03	3.371968e-04	-2.107170e-03	4.098546e-04	
7.592612e-04	8.345338e-04	3.371968e-04	1.276593e-03	-3.019503e-03	5.966858e-04	
-4.924800e-03	-5.623952e-03	-2.107170e-03	-3.019503e-03	2.063142e-02	-3.811265e-03	
9.557668e-04	1.054970e-03	4.098546e-04	5.966858e-04	-3.811265e-03	1.580429e-03	

VAR-COVAR MATRIX: ITER = 15500
2.036229e-03	1.426349e-03	5.166927e-04	7.455820e-04	-4.985876e-03	9.470072e-04	
1.426349e-03	2.483731e-03	5.846383e-04	8.277461e-04	-5.709011e-03	1.057681e-03	
5.166927e-04	5.846383e-04	1.017664e-03	3.239759e-04	-2.078609e-03	3.945619e-04	
7.455820e-04	8.277461e-04	3.239759e-04	1.254815e-03	-2.990127e-03	5.667786e-04	
-4.985876e-03	-5.709011e-03	-2.078609e-03	-2.990127e-03	2.080723e-02	-3.767619e-03	
9.470072e-04	1.057681e-03	3.945619e-04	5.667786e-04	-3.767619e-03	1.542930e-03	

VAR-COVAR MATRIX: ITER = 16000
1.986747e-03	1.370708e-03	5.504498e-04	7.359473e-04	-4.857206e-03	9.944268e-04	
1.370708e-03	2.528846e-03	6.563221e-04	8.697384e-04	-5.744534e-03	1.158681e-03	
5.504498e-04	6.563221e-04	1.049997e-03	3.554977e-04	-2.237020e-03	4.743560e-04	
7.359473e-04	8.697384e-04	3.554977e-04	1.305210e-03	-3.062937e-03	6.356444e-04	
-4.857206e-03	-5.744534e-03	-2.237020e-03	-3.062937e-03	2.071302e-02	-4.039644e-03	
9.944268e-04	1.158681e-03	4.743560e-04	6.356444e-04	-4.039644e-03	1.656425e-03	

VAR-COVAR MATRIX: ITER = 16500
2.083037e-03	1.410796e-03	5.187880e-04	7.781357e-04	-4.892539e-03	9.977609e-04	
1.410796e-03	2.462542e-03	5.757031e-04	8.785089e-04	-5.568582e-03	1.110352e-03	
5.187880e-04	5.757031e-04	1.016721e-03	3.236430e-04	-2.000285e-03	4.092810e-04	
7.781357e-04	8.785089e-04	3.236430e-04	1.323038e-03	-3.064183e-03	6.100045e-04	
-4.892539e-03	-5.568582e-03	-2.000285e-03	-3.064183e-03	1.984194e-02	-3.811497e-03	
9.977609e-04	1.110352e-03	4.092810e-04	6.100045e-04	-3.811497e-03	1.656394e-03	

VAR-COVAR MATRIX: ITER = 17000
2.042083e-03	1.343702e-03	4.644139e-04	6.931938e-04	-4.838799e-03	9.186977e-04	
1.343702e-03	2.327359e-03	5.208856e-04	7.546799e-04	-5.322344e-03	9.987880e-04	
4.644139e-04	5.208856e-04	1.015759e-03	2.786608e-04	-1.896408e-03	3.607401e-04	
6.931938e-04	7.546799e-04	2.786608e-04	1.214838e-03	-2.754979e-03	5.149000e-04	
-4.838799e-03	-5.322344e-03	-1.896408e-03	-2.754979e-03	1.986131e-02	-3.604430e-03	
9.186977e-04	9.987880e-04	3.607401e-04	5.149000e-04	-3.604430e-03	1.523428e-03	

VAR-COVAR MATRIX: ITER = 17500
2.007872e-03	1.331881e-03	5.031040e-04	6.986885e-04	-4.843168e-03	8.687496e-04	
1.331881e-03	2.375661e-03	5.441567e-04	7.580688e-04	-5.444234e-03	9.838086e-04	
5.031040e-04	5.441567e-04	1.017864e-03	2.983314e-04	-2.003385e-03	3.585133e-04	
6.986885e-04	7.580688e-04	2.983314e-04	1.231917e-03	-2.801149e-03	4.962787e-04	
-4.843168e-03	-5.444234e-03	-2.003385e-03	-2.801149e-03	2.045800e-02	-3.502201e-03	
8.687496e-04	9.838086e-04	3.585133e-04	4.962787e-04	-3.502201e-03	1.485088e-03	

VAR-COVAR MATRIX: ITER = 18000
1.962489e-03	1.354996e-03	5.176003e-04	6.801418e-04	-4.727419e-03	8.907884e-04	
1.354996e-03	2.451326e-03	6.019648e-04	8.026515e-04	-5.563425e-03	1.038332e-03	
5.176003e-04	6.019648e-04	1.067476e-03	3.368510e-04	-2.121889e-03	4.044565e-04	
6.801418e-04	8.026515e-04	3.368510e-04	1.242723e-03	-2.830985e-03	5.248012e-04	
-4.727419e-03	-5.563425e-03	-2.121889e-03	-2.830985e-03	2.025671e-02	-3.661157e-03	
8.907884e-04	1.038332e-03	4.044565e-04	5.248012e-04	-3.661157e-03	1.530191e-03	

VAR-COVAR MATRIX: ITER = 18500
1.987015e-03	1.314883e-03	4.911684e-04	6.844735e-04	-4.809045e-03	8.883912e-04	
1.314883e-03	2.318725e-03	5.409700e-04	7.731376e-04	-5.402199e-03	9.823063e-04	
4.911684e-04	5.409700e-04	1.040108e-03	2.926090e-04	-2.050437e-03	3.757704e-04	
6.844735e-04	7.731376e-04	2.926090e-04	1.225616e-03	-2.818987e-03	5.335651e-04	
-4.809045e-03	-5.402199e-03	-2.050437e-03	-2.818987e-03	2.060338e-02	-3.639407e-03	
8.883912e-04	9.823063e-04	3.757704e-04	5.335651e-04	-3.639407e-03	1.535344e-03	

VAR-COVAR MATRIX: ITER = 19000
2.026268e-03	1.357638e-03	5.343121e-04	6.986414e-04	-4.873979e-03	9.527794e-04	
1.357638e-03	2.361091e-03	5.740432e-04	7.820724e-04	-5.462632e-03	1.047168e-03	
5.343121e-04	5.740432e-04	1.041580e-03	3.231300e-04	-2.100359e-03	4.110267e-04	
6.986414e-04	7.820724e-04	3.231300e-04	1.240714e-03	-2.846630e-03	5.418890e-04	
-4.873979e-03	-5.462632e-03	-2.100359e-03	-2.846630e-03	2.051153e-02	-3.816250e-03	
9.527794e-04	1.047168e-03	4.110267e-04	5.418890e-04	-3.816250e-03	1.596214e-03	

VAR-COVAR MATRIX: ITER = 19500
2.082933e-03	1.381129e-03	5.520332e-04	7.409910e-04	-4.920547e-03	9.613911e-04	
1.381129e-03	2.367131e-03	6.025043e-04	8.128998e-04	-5.385697e-03	1.044425e-03	
5.520332e-04	6.025043e-04	1.063391e-03	3.470137e-04	-2.165508e-03	4.258478e-04	
7.409910e-04	8.128998e-04	3.470137e-04	1.279935e-03	-2.988004e-03	5.861119e-04	
-4.920547e-03	-5.385697e-03	-2.165508e-03	-2.988004e-03	2.011928e-02	-3.729698e-03	
9.613911e-04	1.044425e-03	4.258478e-04	5.861119e-04	-3.729698e-03	1.579063e-03	

VAR-COVAR MATRIX: ITER = 20000
2.108043e-03	1.422565e-03	5.897009e-04	8.361500e-04	-5.048401e-03	1.044084e-03	
1.422565e-03	2.438091e-03	6.307684e-04	9.003171e-04	-5.577429e-03	1.151232e-03	
5.897009e-04	6.307684e-04	1.100384e-03	3.851649e-04	-2.283874e-03	4.890117e-04	
8.361500e-04	9.003171e-04	3.851649e-04	1.340045e-03	-3.174905e-03	6.617798e-04	
-5.048401e-03	-5.577429e-03	-2.283874e-03	-3.174905e-03	2.033536e-02	-4.015858e-03	
1.044084e-03	1.151232e-03	4.890117e-04	6.617798e-04	-4.015858e-03	1.687291e-03	

VAR-COVAR MATRIX: ITER = 20500
2.055722e-03	1.342780e-03	5.136995e-04	7.572557e-04	-4.901838e-03	9.568633e-04	
1.342780e-03	2.335553e-03	5.528732e-04	8.241852e-04	-5.396623e-03	1.035422e-03	
5.136995e-04	5.528732e-04	1.038026e-03	3.275850e-04	-2.041776e-03	3.976405e-04	
7.572557e-04	8.241852e-04	3.275850e-04	1.287838e-03	-3.045963e-03	5.932578e-04	
-4.901838e-03	-5.396623e-03	-2.041776e-03	-3.045963e-03	2.036118e-02	-3.784507e-03	
9.568633e-04	1.035422e-03	3.976405e-04	5.932578e-04	-3.784507e-03	1.579494e-03	

VAR-COVAR MATRIX: ITER = 21000
1.993131e-03	1.308291e-03	5.051970e-04	7.452272e-04	-4.768606e-03	9.368974e-04	
1.308291e-03	2.316422e-03	5.472460e-04	8.287670e-04	-5.376725e-03	1.023316e-03	
5.051970e-04	5.472460e-04	1.016098e-03	3.316244e-04	-2.038189e-03	4.040509e-04	
7.452272e-04	8.287670e-04	3.316244e-04	1.300196e-03	-3.048625e-03	6.137669e-04	
-4.768606e-03	-5.376725e-03	-2.038189e-03	-3.048625e-03	2.033495e-02	-3.833453e-03	
9.368974e-04	1.023316e-03	4.040509e-04	6.137669e-04	-3.833453e-03	1.590183e-03	

VAR-COVAR MATRIX: ITER = 21500
2.069663e-03	1.362940e-03	5.315512e-04	8.323879e-04	-5.002667e-03	1.011523e-03	
1.362940e-03	2.343797e-03	5.756402e-04	8.704889e-04	-5.442332e-03	1.071794e-03	
5.315512e-04	5.756402e-04	1.068037e-03	3.422974e-04	-2.101545e-03	4.283423e-04	
8.323879e-04	8.704889e-04	3.422974e-04	1.363199e-03	-3.270346e-03	6.517364e-04	
-5.002667e-03	-5.442332e-03	-2.101545e-03	-3.270346e-03	2.071407e-02	-3.994904e-03	
1.011523e-03	1.071794e-03	4.283423e-04	6.517364e-04	-3.994904e-03	1.673385e-03	

VAR-COVAR MATRIX: ITER = 22000
2.067753e-03	1.364467e-03	5.636802e-04	7.704343e-04	-4.945680e-03	9.987210e-04	
1.364467e-03	2.345437e-03	6.154634e-04	8.365717e-04	-5.413047e-03	1.088017e-03	
5.636802e-04	6.154634e-04	1.081964e-03	3.532091e-04	-2.258519e-03	4.617060e-04	
7.704343e-04	8.365717e-04	3.532091e-04	1.279147e-03	-3.063448e-03	6.161141e-04	
-4.945680e-03	-5.413047e-03	-2.258519e-03	-3.063448e-03	2.033383e-02	-3.967410e-03	
9.987210e-04	1.088017e-03	4.617060e-04	6.161141e-04	-3.967410e-03	1.654246e-03	

VAR-COVAR MATRIX: ITER = 22500
2.065058e-03	1.396628e-03	5.286089e-04	7.251753e-04	-5.039212e-03	1.052965e-03	
1.396628e-03	2.439701e-03	5.910272e-04	8.246386e-04	-5.685800e-03	1.183986e-03	
5.286089e-04	5.910272e-04	1.043690e-03	3.119704e-04	-2.133952e-03	4.531057e-04	
7.251753e-04	8.246386e-04	3.119704e-04	1.235017e-03	-2.961427e-03	5.940401e-04	
-5.039212e-03	-5.685800e-03	-2.133952e-03	-2.961427e-03	2.103451e-02	-4.209831e-03	
1.052965e-03	1.183986e-03	4.531057e-04	5.940401e-04	-4.209831e-03	1.742776e-03	

VAR-COVAR MATRIX: ITER = 23000
2.063092e-03	1.357260e-03	5.140223e-04	7.130752e-04	-4.872382e-03	1.050611e-03	
1.357260e-03	2.387354e-03	5.582632e-04	7.995478e-04	-5.358335e-03	1.126759e-03	
5.140223e-04	5.582632e-04	1.022567e-03	3.153708e-04	-2.059146e-03	4.445652e-04	
7.130752e-04	7.995478e-04	3.153708e-04	1.258002e-03	-2.859676e-03	6.175496e-04	
-4.872382e-03	-5.358335e-03	-2.059146e-03	-2.859676e-03	1.984744e-02	-4.012170e-03	
1.050611e-03	1.126759e-03	4.445652e-04	6.175496e-04	-4.012170e-03	1.718077e-03	

VAR-COVAR MATRIX: ITER = 23500
2.086961e-03	1.394426e-03	5.173220e-04	7.444606e-04	-4.985569e-03	1.032719e-03	
1.394426e-03	2.378524e-03	5.516725e-04	8.106374e-04	-5.521858e-03	1.153995e-03	
5.173220e-04	5.516725e-04	1.021809e-03	3.115160e-04	-2.038806e-03	4.458532e-04	
7.444606e-04	8.106374e-04	3.115160e-04	1.274479e-03	-2.950775e-03	6.225463e-04	
-4.985569e-03	-5.521858e-03	-2.038806e-03	-2.950775e-03	2.056572e-02	-4.121952e-03	
1.032719e-03	1.153995e-03	4.458532e-04	6.225463e-04	-4.121952e-03	1.721404e-03	

VAR-COVAR MATRIX: ITER = 24000
2.070745e-03	1.398451e-03	5.570773e-04	7.502951e-04	-5.017339e-03	1.059068e-03	
1.398451e-03	2.401992e-03	5.936590e-04	8.248121e-04	-5.519232e-03	1.137267e-03	
5.570773e-04	5.936590e-04	1.068722e-03	3.355847e-04	-2.194280e-03	4.454656e-04	
7.502951e-04	8.248121e-04	3.355847e-04	1.265136e-03	-2.984183e-03	6.117193e-04	
-5.017339e-03	-5.519232e-03	-2.194280e-03	-2.984183e-03	2.065648e-02	-4.146115e-03	
1.059068e-03	1.137267e-03	4.454656e-04	6.117193e-04	-4.146115e-03	1.721964e-03	

VAR-COVAR MATRIX: ITER = 24500
2.151833e-03	1.469180e-03	5.594340e-04	7.889723e-04	-5.160791e-03	1.077904e-03	
1.469180e-03	2.488254e-03	6.020929e-04	8.719182e-04	-5.707165e-03	1.170343e-03	
5.594340e-04	6.020929e-04	1.040152e-03	3.488565e-04	-2.122870e-03	4.428394e-04	
7.889723e-04	8.719182e-04	3.488565e-04	1.281919e-03	-3.038235e-03	6.489305e-04	
-5.160791e-03	-5.707165e-03	-2.122870e-03	-3.038235e-03	2.065613e-02	-4.110067e-03	
1.077904e-03	1.170343e-03	4.428394e-04	6.489305e-04	-4.110067e-03	1.719036e-03	

VAR-COVAR MATRIX: ITER = 25000
2.100974e-03	1.438775e-03	5.213063e-04	7.602281e-04	-5.033019e-03	1.048443e-03	
1.438775e-03	2.476706e-03	5.632973e-04	8.562669e-04	-5.696811e-03	1.183290e-03	
5.213063e-04	5.632973e-04	1.034390e-03	3.240932e-04	-2.066876e-03	4.129073e-04	
7.602281e-04	8.562669e-04	3.240932e-04	1.286222e-03	-3.052280e-03	6.357596e-04	
-5.033019e-03	-5.696811e-03	-2.066876e-03	-3.052280e-03	2.075298e-02	-4.171605e-03	
1.048443e-03	1.183290e-03	4.129073e-04	6.357596e-04	-4.171605e-03	1.718707e-03	

VAR-COVAR MATRIX: ITER = 25500
2.061116e-03	1.344102e-03	5.251036e-04	6.861475e-04	-5.002673e-03	9.926611e-04	
1.344102e-03	2.351611e-03	5.915542e-04	7.641114e-04	-5.460971e-03	1.075089e-03	
5.251036e-04	5.915542e-04	1.053323e-03	3.049921e-04	-2.181539e-03	4.430904e-04	
6.861475e-04	7.641114e-04	3.049921e-04	1.216481e-03	-2.808265e-03	5.562542e-04	
-5.002673e-03	-5.460971e-03	-2.181539e-03	-2.808265e-03	2.092798e-02	-3.956822e-03	
9.926611e-04	1.075089e-03	4.430904e-04	5.562542e-04	-3.956822e-03	1.619783e-03	

VAR-COVAR MATRIX: ITER = 26000
2.055377e-03	1.387846e-03	5.238930e-04	7.015020e-04	-4.983697e-03	1.023233e-03	
1.387846e-03	2.398096e-03	5.929758e-04	7.725794e-04	-5.567558e-03	1.114248e-03	
5.238930e-04	5.929758e-04	1.045291e-03	3.081270e-04	-2.139505e-03	4.388099e-04	
7.015020e-04	7.725794e-04	3.081270e-04	1.220011e-03	-2.786976e-03	5.797195e-04	
-4.983697e-03	-5.567558e-03	-2.139505e-03	-2.786976e-03	2.054000e-02	-4.009148e-03	
1.023233e-03	1.114248e-03	4.388099e-04	5.797195e-04	-4.009148e-03	1.674772e-03	

VAR-COVAR MATRIX: ITER = 26500
2.083323e-03	1.402100e-03	5.535850e-04	7.100578e-04	-5.011954e-03	9.940430e-04	
1.402100e-03	2.371394e-03	6.130467e-04	7.637446e-04	-5.521639e-03	1.068908e-03	
5.535850e-04	6.130467e-04	1.102677e-03	3.063365e-04	-2.235254e-03	4.432156e-04	
7.100578e-04	7.637446e-04	3.063365e-04	1.230769e-03	-2.809817e-03	5.562640e-04	
-5.011954e-03	-5.521639e-03	-2.235254e-03	-2.809817e-03	2.064053e-02	-3.869855e-03	
9.940430e-04	1.068908e-03	4.432156e-04	5.562640e-04	-3.869855e-03	1.600843e-03	

VAR-COVAR MATRIX: ITER = 27000
2.091014e-03	1.387595e-03	5.072912e-04	7.112113e-04	-4.978786e-03	1.004140e-03	
1.387595e-03	2.370807e-03	5.556192e-04	7.560969e-04	-5.459737e-03	1.075693e-03	
5.072912e-04	5.556192e-04	1.030858e-03	2.857739e-04	-2.000153e-03	3.966233e-04	
7.112113e-04	7.560969e-04	2.857739e-04	1.211614e-03	-2.731388e-03	5.354910e-04	
-4.978786e-03	-5.459737e-03	-2.000153e-03	-2.731388e-03	2.041469e-02	-3.915227e-03	
1.004140e-03	1.075693e-03	3.966233e-04	5.354910e-04	-3.915227e-03	1.640941e-03	

VAR-COVAR MATRIX: ITER = 27500
2.076593e-03	1.385568e-03	5.578378e-04	7.597069e-04	-4.973569e-03	9.766996e-04	
1.385568e-03	2.345435e-03	6.023920e-04	8.025094e-04	-5.408185e-03	1.054971e-03	
5.578378e-04	6.023920e-04	1.065282e-03	3.235875e-04	-2.211481e-03	4.343953e-04	
7.597069e-04	8.025094e-04	3.235875e-04	1.266897e-03	-2.953056e-03	5.920968e-04	
-4.973569e-03	-5.408185e-03	-2.211481e-03	-2.953056e-03	2.021845e-02	-3.881348e-03	
9.766996e-04	1.054971e-03	4.343953e-04	5.920968e-04	-3.881348e-03	1.632351e-03	

VAR-COVAR MATRIX: ITER = 28000
2.175919e-03	1.521200e-03	6.064488e-04	8.120810e-04	-5.229391e-03	1.138531e-03	
1.521200e-03	2.516907e-03	6.763816e-04	8.935515e-04	-5.759976e-03	1.207848e-03	
6.064488e-04	6.763816e-04	1.117130e-03	3.772293e-04	-2.353725e-03	5.174841e-04	
8.120810e-04	8.935515e-04	3.772293e-04	1.316348e-03	-3.131388e-03	6.589434e-04	
-5.229391e-03	-5.759976e-03	-2.353725e-03	-3.131388e-03	2.062510e-02	-4.253853e-03	
1.138531e-03	1.207848e-03	5.174841e-04	6.589434e-04	-4.253853e-03	1.759269e-03	

VAR-COVAR MATRIX: ITER = 28500
2.050688e-03	1.340646e-03	5.218030e-04	7.440880e-04	-4.978235e-03	1.010708e-03	
1.340646e-03	2.321419e-03	5.178456e-04	7.886097e-04	-5.347614e-03	1.057805e-03	
5.218030e-04	5.178456e-04	1.028701e-03	2.871664e-04	-2.014548e-03	4.125520e-04	
7.440880e-04	7.886097e-04	2.871664e-04	1.267361e-03	-2.944341e-03	6.004549e-04	
-4.978235e-03	-5.347614e-03	-2.014548e-03	-2.944341e-03	2.045011e-02	-3.927612e-03	
1.010708e-03	1.057805e-03	4.125520e-04	6.004549e-04	-3.927612e-03	1.638551e-03	

VAR-COVAR MATRIX: ITER = 29000
2.034249e-03	1.364835e-03	4.948621e-04	7.203633e-04	-4.981387e-03	9.911145e-04	
1.364835e-03	2.359795e-03	5.358439e-04	7.692805e-04	-5.509512e-03	1.075361e-03	
4.948621e-04	5.358439e-04	1.016863e-03	2.962142e-04	-1.991113e-03	4.033937e-04	
7.203633e-04	7.692805e-04	2.962142e-04	1.213637e-03	-2.853879e-03	5.629795e-04	
-4.981387e-03	-5.509512e-03	-1.991113e-03	-2.853879e-03	2.088080e-02	-3.969853e-03	
9.911145e-04	1.075361e-03	4.033937e-04	5.629795e-04	-3.969853e-03	1.646598e-03	

VAR-COVAR MATRIX: ITER = 29500
2.080658e-03	1.438328e-03	5.668947e-04	7.393430e-04	-5.007608e-03	1.024040e-03	
1.438328e-03	2.483954e-03	6.364119e-04	8.008706e-04	-5.651807e-03	1.155593e-03	
5.668947e-04	6.364119e-04	1.040086e-03	3.349513e-04	-2.231071e-03	4.752754e-04	
7.393430e-04	8.008706e-04	3.349513e-04	1.230487e-03	-2.863074e-03	5.743839e-04	
-5.007608e-03	-5.651807e-03	-2.231071e-03	-2.863074e-03	2.030702e-02	-3.999256e-03	
1.024040e-03	1.155593e-03	4.752754e-04	5.743839e-04	-3.999256e-03	1.658801e-03	

VAR-COVAR MATRIX: ITER = 30000
2.118836e-03	1.448557e-03	5.792485e-04	7.671299e-04	-5.013007e-03	1.047601e-03	
1.448557e-03	2.450892e-03	6.416378e-04	8.387258e-04	-5.583501e-03	1.164882e-03	
5.792485e-04	6.416378e-04	1.092395e-03	3.492978e-04	-2.209363e-03	4.677399e-04	
7.671299e-04	8.387258e-04	3.492978e-04	1.294802e-03	-2.992791e-03	6.231427e-04	
-5.013007e-03	-5.583501e-03	-2.209363e-03	-2.992791e-03	2.020454e-02	-4.045012e-03	
1.047601e-03	1.164882e-03	4.677399e-04	6.231427e-04	-4.045012e-03	1.678776e-03	

VAR-COVAR MATRIX: ITER = 30500
2.190441e-03	1.512798e-03	6.157246e-04	8.272148e-04	-5.271165e-03	1.095031e-03	
1.512798e-03	2.562004e-03	6.712473e-04	8.840780e-04	-5.842928e-03	1.190703e-03	
6.157246e-04	6.712473e-04	1.064933e-03	3.730740e-04	-2.322326e-03	4.874419e-04	
8.272148e-04	8.840780e-04	3.730740e-04	1.313931e-03	-3.144237e-03	6.474546e-04	
-5.271165e-03	-5.842928e-03	-2.322326e-03	-3.144237e-03	2.097904e-02	-4.164724e-03	
1.095031e-03	1.190703e-03	4.874419e-04	6.474546e-04	-4.164724e-03	1.720110e-03	

VAR-COVAR MATRIX: ITER = 31000
2.071782e-03	1.407731e-03	5.496735e-04	7.841424e-04	-4.846171e-03	1.004899e-03	
1.407731e-03	2.440404e-03	6.248584e-04	8.463786e-04	-5.417621e-03	1.110593e-03	
5.496735e-04	6.248584e-04	1.063935e-03	3.602990e-04	-2.217642e-03	4.657038e-04	
7.841424e-04	8.463786e-04	3.602990e-04	1.296435e-03	-2.980822e-03	6.185811e-04	
-4.846171e-03	-5.417621e-03	-2.217642e-03	-2.980822e-03	1.957438e-02	-3.910482e-03	
1.004899e-03	1.110593e-03	4.657038e-04	6.185811e-04	-3.910482e-03	1.668642e-03	

VAR-COVAR MATRIX: ITER = 31500
2.077432e-03	1.440968e-03	5.561384e-04	7.484464e-04	-4.924881e-03	1.044268e-03	
1.440968e-03	2.500640e-03	6.238666e-04	8.444044e-04	-5.666208e-03	1.200756e-03	
5.561384e-04	6.238666e-04	1.055639e-03	3.163470e-04	-2.176936e-03	4.647779e-04	
7.484464e-04	8.444044e-04	3.163470e-04	1.256132e-03	-2.933280e-03	6.185276e-04	
-4.924881e-03	-5.666208e-03	-2.176936e-03	-2.933280e-03	2.008947e-02	-4.059095e-03	
1.044268e-03	1.200756e-03	4.647779e-04	6.185276e-04	-4.059095e-03	1.702327e-03	

VAR-COVAR MATRIX: ITER = 32000
2.033365e-03	1.434585e-03	5.702896e-04	7.976811e-04	-4.930472e-03	1.026558e-03	
1.434585e-03	2.520061e-03	6.512393e-04	9.055312e-04	-5.733406e-03	1.176178e-03	
5.702896e-04	6.512393e-04	1.093151e-03	3.746860e-04	-2.271418e-03	4.776676e-04	
7.976811e-04	9.055312e-04	3.746860e-04	1.329016e-03	-3.197573e-03	6.720471e-04	
-4.930472e-03	-5.733406e-03	-2.271418e-03	-3.197573e-03	2.061042e-02	-4.098863e-03	
1.026558e-03	1.176178e-03	4.776676e-04	6.720471e-04	-4.098863e-03	1.677974e-03	

VAR-COVAR MATRIX: ITER = 32500
2.028682e-03	1.354143e-03	5.685431e-04	7.701346e-04	-4.853838e-03	1.027223e-03	
1.354143e-03	2.387489e-03	6.232427e-04	8.501715e-04	-5.438615e-03	1.118912e-03	
5.685431e-04	6.232427e-04	1.107656e-03	3.748580e-04	-2.236223e-03	4.647106e-04	
7.701346e-04	8.501715e-04	3.748580e-04	1.303539e-03	-3.080237e-03	6.518277e-04	
-4.853838e-03	-5.438615e-03	-2.236223e-03	-3.080237e-03	2.001885e-02	-3.987101e-03	
1.027223e-03	1.118912e-03	4.647106e-04	6.518277e-04	-3.987101e-03	1.685506e-03	

VAR-COVAR MATRIX: ITER = 33000
2.024893e-03	1.416004e-03	5.710657e-04	7.603166e-04	-4.899013e-03	9.983493e-04	
1.416004e-03	2.475510e-03	6.593656e-04	8.590514e-04	-5.663197e-03	1.159097e-03	
5.710657e-04	6.593656e-04	1.111393e-03	3.779627e-04	-2.344802e-03	4.805304e-04	
7.603166e-04	8.590514e-04	3.779627e-04	1.291169e-03	-3.023086e-03	6.182630e-04	
-4.899013e-03	-5.663197e-03	-2.344802e-03	-3.023086e-03	2.048106e-02	-4.024037e-03	
9.983493e-04	1.159097e-03	4.805304e-04	6.182630e-04	-4.024037e-03	1.665151e-03	

VAR-COVAR MATRIX: ITER = 33500
1.914589e-03	1.250902e-03	4.799050e-04	6.318705e-04	-4.678387e-03	8.790846e-04	
1.250902e-03	2.290704e-03	5.328736e-04	6.988153e-04	-5.363034e-03	9.931108e-04	
4.799050e-04	5.328736e-04	1.026516e-03	2.714116e-04	-1.965700e-03	3.847258e-04	
6.318705e-04	6.988153e-04	2.714116e-04	1.207361e-03	-2.645231e-03	4.957378e-04	
-4.678387e-03	-5.363034e-03	-1.965700e-03	-2.645231e-03	2.073297e-02	-3.683445e-03	
8.790846e-04	9.931108e-04	3.847258e-04	4.957378e-04	-3.683445e-03	1.541412e-03	

VAR-COVAR MATRIX: ITER = 34000
2.135936e-03	1.508679e-03	6.364493e-04	7.716365e-04	-5.061623e-03	1.046320e-03	
1.508679e-03	2.513934e-03	7.223944e-04	8.749947e-04	-5.758720e-03	1.199741e-03	
6.364493e-04	7.223944e-04	1.153544e-03	3.775060e-04	-2.505169e-03	5.618466e-04	
7.716365e-04	8.749947e-04	3.775060e-04	1.272273e-03	-2.964950e-03	6.282365e-04	
-5.061623e-03	-5.758720e-03	-2.505169e-03	-2.964950e-03	2.027298e-02	-4.105723e-03	
1.046320e-03	1.199741e-03	5.618466e-04	6.282365e-04	-4.105723e-03	1.730151e-03	

VAR-COVAR MATRIX: ITER = 34500
2.188145e-03	1.491821e-03	6.317288e-04	7.636629e-04	-5.212106e-03	1.059983e-03	
1.491821e-03	2.495716e-03	6.648113e-04	8.177353e-04	-5.730697e-03	1.167032e-03	
6.317288e-04	6.648113e-04	1.130109e-03	3.684710e-04	-2.359462e-03	4.727269e-04	
7.636629e-04	8.177353e-04	3.684710e-04	1.258516e-03	-2.884984e-03	5.866011e-04	
-5.212106e-03	-5.730697e-03	-2.359462e-03	-2.884984e-03	2.054723e-02	-4.048965e-03	
1.059983e-03	1.167032e-03	4.727269e-04	5.866011e-04	-4.048965e-03	1.681066e-03	

VAR-COVAR MATRIX: ITER = 35000
2.071919e-03	1.412668e-03	5.786941e-04	6.860758e-04	-4.998605e-03	9.970933e-04	
1.412668e-03	2.454485e-03	6.273362e-04	7.665258e-04	-5.592574e-03	1.100496e-03	
5.786941e-04	6.273362e-04	1.061285e-03	3.045245e-04	-2.237553e-03	4.490295e-04	
6.860758e-04	7.665258e-04	3.045245e-04	1.193783e-03	-2.718297e-03	5.444346e-04	
-4.998605e-03	-5.592574e-03	-2.237553e-03	-2.718297e-03	2.048802e-02	-3.919158e-03	
9.970933e-04	1.100496e-03	4.490295e-04	5.444346e-04	-3.919158e-03	1.652604e-03	

VAR-COVAR MATRIX: ITER = 35500
2.153761e-03	1.426214e-03	6.087394e-04	6.894678e-04	-5.132263e-03	1.041682e-03	
1.426214e-03	2.359346e-03	6.489936e-04	7.380250e-04	-5.494072e-03	1.088426e-03	
6.087394e-04	6.489936e-04	1.096749e-03	3.178323e-04	-2.321209e-03	4.854766e-04	
6.894678e-04	7.380250e-04	3.178323e-04	1.207434e-03	-2.703609e-03	5.425613e-04	
-5.132263e-03	-5.494072e-03	-2.321209e-03	-2.703609e-03	2.056304e-02	-3.988708e-03	
1.041682e-03	1.088426e-03	4.854766e-04	5.425613e-04	-3.988708e-03	1.633907e-03	

VAR-COVAR MATRIX: ITER = 36000
2.187832e-03	1.543773e-03	7.180406e-04	8.208184e-04	-5.157477e-03	1.138771e-03	
1.543773e-03	2.573386e-03	7.797383e-04	9.020525e-04	-5.796754e-03	1.245632e-03	
7.180406e-04	7.797383e-04	1.186953e-03	4.185819e-04	-2.647215e-03	6.007007e-04	
8.208184e-04	9.020525e-04	4.185819e-04	1.317376e-03	-3.066987e-03	6.640439e-04	
-5.157477e-03	-5.796754e-03	-2.647215e-03	-3.066987e-03	2.036443e-02	-4.245266e-03	
1.138771e-03	1.245632e-03	6.007007e-04	6.640439e-04	-4.245266e-03	1.775326e-03	

VAR-COVAR MATRIX: ITER = 36500
1.995550e-03	1.366810e-03	5.994326e-04	7.112154e-04	-4.819258e-03	9.987585e-04	
1.366810e-03	2.427656e-03	6.799455e-04	8.020938e-04	-5.504665e-03	1.112260e-03	
5.994326e-04	6.799455e-04	1.122614e-03	3.625123e-04	-2.415659e-03	5.083651e-04	
7.112154e-04	8.020938e-04	3.625123e-04	1.239962e-03	-2.886383e-03	5.918800e-04	
-4.819258e-03	-5.504665e-03	-2.415659e-03	-2.886383e-03	2.023486e-02	-3.978546e-03	
9.987585e-04	1.112260e-03	5.083651e-04	5.918800e-04	-3.978546e-03	1.674226e-03	

VAR-COVAR MATRIX: ITER = 37000
2.127096e-03	1.424150e-03	6.448856e-04	7.551866e-04	-5.113490e-03	1.067325e-03	
1.424150e-03	2.391663e-03	6.897457e-04	8.296803e-04	-5.638966e-03	1.135244e-03	
6.448856e-04	6.897457e-04	1.136425e-03	3.701399e-04	-2.517691e-03	5.389896e-04	
7.551866e-04	8.296803e-04	3.701399e-04	1.252574e-03	-2.964292e-03	6.117195e-04	
-5.113490e-03	-5.638966e-03	-2.517691e-03	-2.964292e-03	2.098743e-02	-4.156340e-03	
1.067325e-03	1.135244e-03	5.389896e-04	6.117195e-04	-4.156340e-03	1.720817e-03	

VAR-COVAR MATRIX: ITER = 37500
2.050845e-03	1.364625e-03	5.925697e-04	7.399846e-04	-4.865568e-03	9.553805e-04	
1.364625e-03	2.351355e-03	6.735097e-04	8.207376e-04	-5.407559e-03	1.034893e-03	
5.925697e-04	6.735097e-04	1.142885e-03	3.667000e-04	-2.384068e-03	4.763658e-04	
7.399846e-04	8.207376e-04	3.667000e-04	1.270363e-03	-2.925488e-03	5.819722e-04	
-4.865568e-03	-5.407559e-03	-2.384068e-03	-2.925488e-03	1.999573e-02	-3.790675e-03	
9.553805e-04	1.034893e-03	4.763658e-04	5.819722e-04	-3.790675e-03	1.611485e-03	

VAR-COVAR MATRIX: ITER = 38000
2.066260e-03	1.450894e-03	6.019743e-04	7.756349e-04	-4.999251e-03	1.011929e-03	
1.450894e-03	2.488069e-03	6.892406e-04	8.766925e-04	-5.696702e-03	1.133382e-03	
6.019743e-04	6.892406e-04	1.118877e-03	3.771738e-04	-2.416879e-03	4.936864e-04	
7.756349e-04	8.766925e-04	3.771738e-04	1.297140e-03	-3.086065e-03	6.500290e-04	
-4.999251e-03	-5.696702e-03	-2.416879e-03	-3.086065e-03	2.055875e-02	-4.043408e-03	
1.011929e-03	1.133382e-03	4.936864e-04	6.500290e-04	-4.043408e-03	1.683043e-03	

VAR-COVAR MATRIX: ITER = 38500
2.028808e-03	1.404713e-03	5.462276e-04	7.321033e-04	-4.909739e-03	9.823954e-04	
1.404713e-03	2.464337e-03	6.070171e-04	8.225839e-04	-5.621912e-03	1.120518e-03	
5.462276e-04	6.070171e-04	1.062837e-03	3.264864e-04	-2.161795e-03	4.383287e-04	
7.321033e-04	8.225839e-04	3.264864e-04	1.285471e-03	-2.942650e-03	5.754692e-04	
-4.909739e-03	-5.621912e-03	-2.161795e-03	-2.942650e-03	2.041029e-02	-3.915012e-03	
